Sort by Mean:
video_3_1_2_0_T Mean 17017.0 P50 17018.0 P95 17018.0 Count 1
video_3_1_1_0_T Mean 18022.0 P50 18023.0 P95 18023.0 Count 1
video_3_1_0_0_T Mean 19369.0 P50 19370.0 P95 19370.0 Count 1
video_3_1_3_2_T Mean 19416.33 P50 17521.0 P95 25289.0 Count 6
video_3_1_0_1_T Mean 19647.0 P50 19648.0 P95 19648.0 Count 1
video_3_1_1_0_F Mean 19673.0 P50 19674.0 P95 19674.0 Count 1
video_3_1_0_1_F Mean 19873.0 P50 19874.0 P95 19874.0 Count 1
video_3_1_1_1_T Mean 19938.0 P50 19939.0 P95 19939.0 Count 1
video_3_1_2_1_F Mean 20169.0 P50 20170.0 P95 20170.0 Count 1
video_3_1_3_0_T Mean 20205.0 P50 20206.0 P95 20206.0 Count 1
video_3_1_3_1_F Mean 20467.0 P50 20468.0 P95 20468.0 Count 1
video_3_1_1_1_F Mean 20588.0 P50 20589.0 P95 20589.0 Count 1
video_3_1_3_2_F Mean 20682.0 P50 20683.0 P95 20683.0 Count 1
video_3_1_2_2_F Mean 20764.0 P50 20765.0 P95 20765.0 Count 1
video_3_1_3_1_T Mean 20887.0 P50 20888.0 P95 20888.0 Count 1
video_3_1_2_2_T Mean 21288.0 P50 21289.0 P95 21289.0 Count 1
video_3_1_2_1_T Mean 22819.0 P50 22820.0 P95 22820.0 Count 1
video_3_1_3_0_F Mean 22886.0 P50 22887.0 P95 22887.0 Count 1
video_3_1_0_0_F Mean 23411.0 P50 23412.0 P95 23412.0 Count 1
video_3_1_2_0_F Mean 23697.0 P50 23698.0 P95 23698.0 Count 1
video_3_1_1_2_T Mean 26544.0 P50 26545.0 P95 26545.0 Count 1
video_3_1_1_2_F Mean 26696.0 P50 26697.0 P95 26697.0 Count 1
video_3_1_0_2_T Mean 27106.0 P50 27107.0 P95 27107.0 Count 1
video_3_1_0_2_F Mean 29665.0 P50 29666.0 P95 29666.0 Count 1
Sort by P50:
video_3_1_2_0_T Mean 17017.0 P50 17018.0 P95 17018.0 Count 1
video_3_1_3_2_T Mean 19416.33 P50 17521.0 P95 25289.0 Count 6
video_3_1_1_0_T Mean 18022.0 P50 18023.0 P95 18023.0 Count 1
video_3_1_0_0_T Mean 19369.0 P50 19370.0 P95 19370.0 Count 1
video_3_1_0_1_T Mean 19647.0 P50 19648.0 P95 19648.0 Count 1
video_3_1_1_0_F Mean 19673.0 P50 19674.0 P95 19674.0 Count 1
video_3_1_0_1_F Mean 19873.0 P50 19874.0 P95 19874.0 Count 1
video_3_1_1_1_T Mean 19938.0 P50 19939.0 P95 19939.0 Count 1
video_3_1_2_1_F Mean 20169.0 P50 20170.0 P95 20170.0 Count 1
video_3_1_3_0_T Mean 20205.0 P50 20206.0 P95 20206.0 Count 1
video_3_1_3_1_F Mean 20467.0 P50 20468.0 P95 20468.0 Count 1
video_3_1_1_1_F Mean 20588.0 P50 20589.0 P95 20589.0 Count 1
video_3_1_3_2_F Mean 20682.0 P50 20683.0 P95 20683.0 Count 1
video_3_1_2_2_F Mean 20764.0 P50 20765.0 P95 20765.0 Count 1
video_3_1_3_1_T Mean 20887.0 P50 20888.0 P95 20888.0 Count 1
video_3_1_2_2_T Mean 21288.0 P50 21289.0 P95 21289.0 Count 1
video_3_1_2_1_T Mean 22819.0 P50 22820.0 P95 22820.0 Count 1
video_3_1_3_0_F Mean 22886.0 P50 22887.0 P95 22887.0 Count 1
video_3_1_0_0_F Mean 23411.0 P50 23412.0 P95 23412.0 Count 1
video_3_1_2_0_F Mean 23697.0 P50 23698.0 P95 23698.0 Count 1
video_3_1_1_2_T Mean 26544.0 P50 26545.0 P95 26545.0 Count 1
video_3_1_1_2_F Mean 26696.0 P50 26697.0 P95 26697.0 Count 1
video_3_1_0_2_T Mean 27106.0 P50 27107.0 P95 27107.0 Count 1
video_3_1_0_2_F Mean 29665.0 P50 29666.0 P95 29666.0 Count 1
Sort by P95:
video_3_1_2_0_T Mean 17017.0 P50 17018.0 P95 17018.0 Count 1
video_3_1_1_0_T Mean 18022.0 P50 18023.0 P95 18023.0 Count 1
video_3_1_0_0_T Mean 19369.0 P50 19370.0 P95 19370.0 Count 1
video_3_1_0_1_T Mean 19647.0 P50 19648.0 P95 19648.0 Count 1
video_3_1_1_0_F Mean 19673.0 P50 19674.0 P95 19674.0 Count 1
video_3_1_0_1_F Mean 19873.0 P50 19874.0 P95 19874.0 Count 1
video_3_1_1_1_T Mean 19938.0 P50 19939.0 P95 19939.0 Count 1
video_3_1_2_1_F Mean 20169.0 P50 20170.0 P95 20170.0 Count 1
video_3_1_3_0_T Mean 20205.0 P50 20206.0 P95 20206.0 Count 1
video_3_1_3_1_F Mean 20467.0 P50 20468.0 P95 20468.0 Count 1
video_3_1_1_1_F Mean 20588.0 P50 20589.0 P95 20589.0 Count 1
video_3_1_3_2_F Mean 20682.0 P50 20683.0 P95 20683.0 Count 1
video_3_1_2_2_F Mean 20764.0 P50 20765.0 P95 20765.0 Count 1
video_3_1_3_1_T Mean 20887.0 P50 20888.0 P95 20888.0 Count 1
video_3_1_2_2_T Mean 21288.0 P50 21289.0 P95 21289.0 Count 1
video_3_1_2_1_T Mean 22819.0 P50 22820.0 P95 22820.0 Count 1
video_3_1_3_0_F Mean 22886.0 P50 22887.0 P95 22887.0 Count 1
video_3_1_0_0_F Mean 23411.0 P50 23412.0 P95 23412.0 Count 1
video_3_1_2_0_F Mean 23697.0 P50 23698.0 P95 23698.0 Count 1
video_3_1_3_2_T Mean 19416.33 P50 17521.0 P95 25289.0 Count 6
video_3_1_1_2_T Mean 26544.0 P50 26545.0 P95 26545.0 Count 1
video_3_1_1_2_F Mean 26696.0 P50 26697.0 P95 26697.0 Count 1
video_3_1_0_2_T Mean 27106.0 P50 27107.0 P95 27107.0 Count 1
video_3_1_0_2_F Mean 29665.0 P50 29666.0 P95 29666.0 Count 1
