Sort by Mean:
video_3_1_3_1_F Mean 26065.05 P50 25950.0 P95 28382.0 Count 20
video_3_1_1_1_F Mean 26125.9 P50 26000.0 P95 29639.0 Count 20
video_3_1_0_1_F Mean 26234.8 P50 26190.0 P95 28463.0 Count 20
video_3_1_2_1_F Mean 26489.55 P50 26605.0 P95 29839.0 Count 20
video_3_1_6_1_F Mean 26522.71 P50 25502.0 P95 30835.0 Count 24
video_3_1_1_0_F Mean 26707.45 P50 26482.0 P95 28857.0 Count 20
video_3_1_1_2_F Mean 26961.9 P50 27268.0 P95 28974.0 Count 20
video_3_1_1_3_F Mean 27198.35 P50 27034.0 P95 29021.0 Count 20
video_3_1_5_1_F Mean 27277.9 P50 26612.0 P95 31567.0 Count 20
video_3_1_6_2_F Mean 27405.95 P50 27092.0 P95 29890.0 Count 20
video_3_1_2_0_F Mean 27523.6 P50 27393.0 P95 30132.0 Count 20
video_3_1_5_2_F Mean 27525.55 P50 27178.0 P95 30478.0 Count 20
video_3_1_4_2_F Mean 27534.3 P50 27617.0 P95 30532.0 Count 20
video_3_1_3_2_F Mean 27548.3 P50 27828.0 P95 30328.0 Count 20
video_3_1_5_3_F Mean 27595.1 P50 27136.0 P95 30401.0 Count 20
video_3_1_4_1_F Mean 27617.45 P50 26227.0 P95 33068.0 Count 20
video_3_1_0_0_F Mean 27768.8 P50 27254.0 P95 30811.0 Count 20
video_3_1_3_0_F Mean 28068.65 P50 26651.0 P95 33468.0 Count 20
video_3_1_0_2_F Mean 28105.55 P50 27108.0 P95 33256.0 Count 20
video_3_1_3_3_F Mean 28366.3 P50 26873.0 P95 36243.0 Count 20
video_3_1_2_2_F Mean 28394.1 P50 27616.0 P95 31503.0 Count 20
video_3_1_4_3_F Mean 29067.5 P50 26226.0 P95 41764.0 Count 20
video_3_1_0_3_F Mean 29868.68 P50 27240.0 P95 42204.0 Count 22
video_3_1_2_3_F Mean 29954.1 P50 27079.0 P95 38860.0 Count 20
video_3_1_6_3_F Mean 30207.65 P50 26656.0 P95 42939.0 Count 20
video_3_1_4_0_F Mean 31056.85 P50 30251.0 P95 36091.0 Count 20
video_3_1_5_0_F Mean 34782.75 P50 34974.0 P95 39145.0 Count 20
video_3_1_6_0_F Mean 37233.9 P50 37627.0 P95 43626.0 Count 20
Sort by P50:
video_3_1_6_1_F Mean 26522.71 P50 25502.0 P95 30835.0 Count 24
video_3_1_3_1_F Mean 26065.05 P50 25950.0 P95 28382.0 Count 20
video_3_1_1_1_F Mean 26125.9 P50 26000.0 P95 29639.0 Count 20
video_3_1_0_1_F Mean 26234.8 P50 26190.0 P95 28463.0 Count 20
video_3_1_4_3_F Mean 29067.5 P50 26226.0 P95 41764.0 Count 20
video_3_1_4_1_F Mean 27617.45 P50 26227.0 P95 33068.0 Count 20
video_3_1_1_0_F Mean 26707.45 P50 26482.0 P95 28857.0 Count 20
video_3_1_2_1_F Mean 26489.55 P50 26605.0 P95 29839.0 Count 20
video_3_1_5_1_F Mean 27277.9 P50 26612.0 P95 31567.0 Count 20
video_3_1_3_0_F Mean 28068.65 P50 26651.0 P95 33468.0 Count 20
video_3_1_6_3_F Mean 30207.65 P50 26656.0 P95 42939.0 Count 20
video_3_1_3_3_F Mean 28366.3 P50 26873.0 P95 36243.0 Count 20
video_3_1_1_3_F Mean 27198.35 P50 27034.0 P95 29021.0 Count 20
video_3_1_2_3_F Mean 29954.1 P50 27079.0 P95 38860.0 Count 20
video_3_1_6_2_F Mean 27405.95 P50 27092.0 P95 29890.0 Count 20
video_3_1_0_2_F Mean 28105.55 P50 27108.0 P95 33256.0 Count 20
video_3_1_5_3_F Mean 27595.1 P50 27136.0 P95 30401.0 Count 20
video_3_1_5_2_F Mean 27525.55 P50 27178.0 P95 30478.0 Count 20
video_3_1_0_3_F Mean 29868.68 P50 27240.0 P95 42204.0 Count 22
video_3_1_0_0_F Mean 27768.8 P50 27254.0 P95 30811.0 Count 20
video_3_1_1_2_F Mean 26961.9 P50 27268.0 P95 28974.0 Count 20
video_3_1_2_0_F Mean 27523.6 P50 27393.0 P95 30132.0 Count 20
video_3_1_2_2_F Mean 28394.1 P50 27616.0 P95 31503.0 Count 20
video_3_1_4_2_F Mean 27534.3 P50 27617.0 P95 30532.0 Count 20
video_3_1_3_2_F Mean 27548.3 P50 27828.0 P95 30328.0 Count 20
video_3_1_4_0_F Mean 31056.85 P50 30251.0 P95 36091.0 Count 20
video_3_1_5_0_F Mean 34782.75 P50 34974.0 P95 39145.0 Count 20
video_3_1_6_0_F Mean 37233.9 P50 37627.0 P95 43626.0 Count 20
Sort by P95:
video_3_1_3_1_F Mean 26065.05 P50 25950.0 P95 28382.0 Count 20
video_3_1_0_1_F Mean 26234.8 P50 26190.0 P95 28463.0 Count 20
video_3_1_1_0_F Mean 26707.45 P50 26482.0 P95 28857.0 Count 20
video_3_1_1_2_F Mean 26961.9 P50 27268.0 P95 28974.0 Count 20
video_3_1_1_3_F Mean 27198.35 P50 27034.0 P95 29021.0 Count 20
video_3_1_1_1_F Mean 26125.9 P50 26000.0 P95 29639.0 Count 20
video_3_1_2_1_F Mean 26489.55 P50 26605.0 P95 29839.0 Count 20
video_3_1_6_2_F Mean 27405.95 P50 27092.0 P95 29890.0 Count 20
video_3_1_2_0_F Mean 27523.6 P50 27393.0 P95 30132.0 Count 20
video_3_1_3_2_F Mean 27548.3 P50 27828.0 P95 30328.0 Count 20
video_3_1_5_3_F Mean 27595.1 P50 27136.0 P95 30401.0 Count 20
video_3_1_5_2_F Mean 27525.55 P50 27178.0 P95 30478.0 Count 20
video_3_1_4_2_F Mean 27534.3 P50 27617.0 P95 30532.0 Count 20
video_3_1_0_0_F Mean 27768.8 P50 27254.0 P95 30811.0 Count 20
video_3_1_6_1_F Mean 26522.71 P50 25502.0 P95 30835.0 Count 24
video_3_1_2_2_F Mean 28394.1 P50 27616.0 P95 31503.0 Count 20
video_3_1_5_1_F Mean 27277.9 P50 26612.0 P95 31567.0 Count 20
video_3_1_4_1_F Mean 27617.45 P50 26227.0 P95 33068.0 Count 20
video_3_1_0_2_F Mean 28105.55 P50 27108.0 P95 33256.0 Count 20
video_3_1_3_0_F Mean 28068.65 P50 26651.0 P95 33468.0 Count 20
video_3_1_4_0_F Mean 31056.85 P50 30251.0 P95 36091.0 Count 20
video_3_1_3_3_F Mean 28366.3 P50 26873.0 P95 36243.0 Count 20
video_3_1_2_3_F Mean 29954.1 P50 27079.0 P95 38860.0 Count 20
video_3_1_5_0_F Mean 34782.75 P50 34974.0 P95 39145.0 Count 20
video_3_1_4_3_F Mean 29067.5 P50 26226.0 P95 41764.0 Count 20
video_3_1_0_3_F Mean 29868.68 P50 27240.0 P95 42204.0 Count 22
video_3_1_6_3_F Mean 30207.65 P50 26656.0 P95 42939.0 Count 20
video_3_1_6_0_F Mean 37233.9 P50 37627.0 P95 43626.0 Count 20
