Sort by Mean:
video_3_1_2_1_T Mean 25678.0 P50 25623.0 P95 26639.0 Count 3
video_3_1_0_2_T Mean 26631.0 P50 26632.0 P95 26632.0 Count 1
video_3_1_3_2_T Mean 26850.0 P50 26851.0 P95 26851.0 Count 1
video_3_1_2_2_T Mean 27007.0 P50 27008.0 P95 27008.0 Count 1
video_3_1_3_1_T Mean 27363.0 P50 27364.0 P95 27364.0 Count 1
video_3_1_0_1_T Mean 28189.0 P50 28190.0 P95 28190.0 Count 1
video_3_1_1_2_T Mean 28208.0 P50 28209.0 P95 28209.0 Count 1
video_3_1_1_1_T Mean 28317.3 P50 28072.0 P95 34320.0 Count 10
video_3_1_2_0_T Mean 28476.0 P50 28477.0 P95 28477.0 Count 1
video_3_1_1_0_T Mean 28493.0 P50 28494.0 P95 28494.0 Count 1
video_3_1_0_0_T Mean 30988.0 P50 30989.0 P95 30989.0 Count 1
video_3_1_3_0_T Mean 33918.0 P50 33919.0 P95 33919.0 Count 1
Sort by P50:
video_3_1_2_1_T Mean 25678.0 P50 25623.0 P95 26639.0 Count 3
video_3_1_0_2_T Mean 26631.0 P50 26632.0 P95 26632.0 Count 1
video_3_1_3_2_T Mean 26850.0 P50 26851.0 P95 26851.0 Count 1
video_3_1_2_2_T Mean 27007.0 P50 27008.0 P95 27008.0 Count 1
video_3_1_3_1_T Mean 27363.0 P50 27364.0 P95 27364.0 Count 1
video_3_1_1_1_T Mean 28317.3 P50 28072.0 P95 34320.0 Count 10
video_3_1_0_1_T Mean 28189.0 P50 28190.0 P95 28190.0 Count 1
video_3_1_1_2_T Mean 28208.0 P50 28209.0 P95 28209.0 Count 1
video_3_1_2_0_T Mean 28476.0 P50 28477.0 P95 28477.0 Count 1
video_3_1_1_0_T Mean 28493.0 P50 28494.0 P95 28494.0 Count 1
video_3_1_0_0_T Mean 30988.0 P50 30989.0 P95 30989.0 Count 1
video_3_1_3_0_T Mean 33918.0 P50 33919.0 P95 33919.0 Count 1
Sort by P95:
video_3_1_0_2_T Mean 26631.0 P50 26632.0 P95 26632.0 Count 1
video_3_1_2_1_T Mean 25678.0 P50 25623.0 P95 26639.0 Count 3
video_3_1_3_2_T Mean 26850.0 P50 26851.0 P95 26851.0 Count 1
video_3_1_2_2_T Mean 27007.0 P50 27008.0 P95 27008.0 Count 1
video_3_1_3_1_T Mean 27363.0 P50 27364.0 P95 27364.0 Count 1
video_3_1_0_1_T Mean 28189.0 P50 28190.0 P95 28190.0 Count 1
video_3_1_1_2_T Mean 28208.0 P50 28209.0 P95 28209.0 Count 1
video_3_1_2_0_T Mean 28476.0 P50 28477.0 P95 28477.0 Count 1
video_3_1_1_0_T Mean 28493.0 P50 28494.0 P95 28494.0 Count 1
video_3_1_0_0_T Mean 30988.0 P50 30989.0 P95 30989.0 Count 1
video_3_1_3_0_T Mean 33918.0 P50 33919.0 P95 33919.0 Count 1
video_3_1_1_1_T Mean 28317.3 P50 28072.0 P95 34320.0 Count 10
