Sort by Mean:
ml_1_1_3_0_S Mean 50328.4 P50 48785.0 P95 56788.0 Count 10
ml_1_1_3_0_T Mean 52109.3 P50 49593.0 P95 63431.0 Count 10
ml_1_1_3_0_F Mean 53416.64 P50 39903.0 P95 90795.0 Count 14
Sort by P50:
ml_1_1_3_0_F Mean 53416.64 P50 39903.0 P95 90795.0 Count 14
ml_1_1_3_0_S Mean 50328.4 P50 48785.0 P95 56788.0 Count 10
ml_1_1_3_0_T Mean 52109.3 P50 49593.0 P95 63431.0 Count 10
Sort by P95:
ml_1_1_3_0_S Mean 50328.4 P50 48785.0 P95 56788.0 Count 10
ml_1_1_3_0_T Mean 52109.3 P50 49593.0 P95 63431.0 Count 10
ml_1_1_3_0_F Mean 53416.64 P50 39903.0 P95 90795.0 Count 14
