Sort by Mean:
ml_1_1_3_0_S Mean 33820.2 P50 32733.0 P95 37837.0 Count 10
ml_1_1_3_0_T Mean 34730.4 P50 32618.0 P95 41388.0 Count 10
ml_1_1_3_0_F Mean 37626.6 P50 37016.0 P95 41426.0 Count 10
Sort by P50:
ml_1_1_3_0_T Mean 34730.4 P50 32618.0 P95 41388.0 Count 10
ml_1_1_3_0_S Mean 33820.2 P50 32733.0 P95 37837.0 Count 10
ml_1_1_3_0_F Mean 37626.6 P50 37016.0 P95 41426.0 Count 10
Sort by P95:
ml_1_1_3_0_S Mean 33820.2 P50 32733.0 P95 37837.0 Count 10
ml_1_1_3_0_T Mean 34730.4 P50 32618.0 P95 41388.0 Count 10
ml_1_1_3_0_F Mean 37626.6 P50 37016.0 P95 41426.0 Count 10
