Sort by Mean:
video_3_1_3_1_T Mean 24039.5 P50 21944.0 P95 30644.0 Count 10
video_3_1_2_1_T Mean 24055.6 P50 23745.0 P95 29889.0 Count 10
video_3_1_0_1_T Mean 24591.6 P50 24130.0 P95 26597.0 Count 10
video_3_1_2_0_T Mean 25081.9 P50 24832.0 P95 27827.0 Count 10
video_3_1_1_1_T Mean 25392.8 P50 24782.0 P95 32089.0 Count 10
video_3_1_3_2_T Mean 25636.8 P50 23395.0 P95 33789.0 Count 10
video_3_1_1_0_T Mean 26360.89 P50 25118.0 P95 31045.0 Count 9
video_3_1_2_2_T Mean 26840.2 P50 26725.0 P95 32653.0 Count 10
video_3_1_2_1_F Mean 28244.8 P50 27626.0 P95 33604.0 Count 10
video_3_1_3_0_T Mean 28801.2 P50 29139.0 P95 31374.0 Count 10
video_3_1_1_0_F Mean 28996.4 P50 28429.0 P95 31604.0 Count 10
video_3_1_3_1_F Mean 29044.5 P50 27955.0 P95 36367.0 Count 10
video_3_1_0_1_F Mean 29972.7 P50 28991.0 P95 37837.0 Count 10
video_3_1_0_0_F Mean 30622.6 P50 30534.0 P95 31743.0 Count 10
video_3_1_1_1_F Mean 30673.2 P50 28957.0 P95 39380.0 Count 10
video_3_1_0_0_T Mean 30855.3 P50 30396.0 P95 40007.0 Count 10
video_3_1_2_0_F Mean 31993.0 P50 31994.0 P95 31994.0 Count 1
video_3_1_2_2_F Mean 32524.5 P50 28891.0 P95 45985.0 Count 10
video_3_1_0_2_T Mean 32881.0 P50 32882.0 P95 32882.0 Count 1
video_3_1_3_0_F Mean 33591.9 P50 32341.0 P95 42497.0 Count 10
video_3_1_1_2_T Mean 34071.0 P50 34072.0 P95 34072.0 Count 1
video_3_1_1_2_F Mean 34727.0 P50 34728.0 P95 34728.0 Count 1
video_3_1_3_2_F Mean 36438.0 P50 36439.0 P95 36439.0 Count 1
video_3_1_0_2_F Mean 37588.0 P50 37589.0 P95 37589.0 Count 1
Sort by P50:
video_3_1_3_1_T Mean 24039.5 P50 21944.0 P95 30644.0 Count 10
video_3_1_3_2_T Mean 25636.8 P50 23395.0 P95 33789.0 Count 10
video_3_1_2_1_T Mean 24055.6 P50 23745.0 P95 29889.0 Count 10
video_3_1_0_1_T Mean 24591.6 P50 24130.0 P95 26597.0 Count 10
video_3_1_1_1_T Mean 25392.8 P50 24782.0 P95 32089.0 Count 10
video_3_1_2_0_T Mean 25081.9 P50 24832.0 P95 27827.0 Count 10
video_3_1_1_0_T Mean 26360.89 P50 25118.0 P95 31045.0 Count 9
video_3_1_2_2_T Mean 26840.2 P50 26725.0 P95 32653.0 Count 10
video_3_1_2_1_F Mean 28244.8 P50 27626.0 P95 33604.0 Count 10
video_3_1_3_1_F Mean 29044.5 P50 27955.0 P95 36367.0 Count 10
video_3_1_1_0_F Mean 28996.4 P50 28429.0 P95 31604.0 Count 10
video_3_1_2_2_F Mean 32524.5 P50 28891.0 P95 45985.0 Count 10
video_3_1_1_1_F Mean 30673.2 P50 28957.0 P95 39380.0 Count 10
video_3_1_0_1_F Mean 29972.7 P50 28991.0 P95 37837.0 Count 10
video_3_1_3_0_T Mean 28801.2 P50 29139.0 P95 31374.0 Count 10
video_3_1_0_0_T Mean 30855.3 P50 30396.0 P95 40007.0 Count 10
video_3_1_0_0_F Mean 30622.6 P50 30534.0 P95 31743.0 Count 10
video_3_1_2_0_F Mean 31993.0 P50 31994.0 P95 31994.0 Count 1
video_3_1_3_0_F Mean 33591.9 P50 32341.0 P95 42497.0 Count 10
video_3_1_0_2_T Mean 32881.0 P50 32882.0 P95 32882.0 Count 1
video_3_1_1_2_T Mean 34071.0 P50 34072.0 P95 34072.0 Count 1
video_3_1_1_2_F Mean 34727.0 P50 34728.0 P95 34728.0 Count 1
video_3_1_3_2_F Mean 36438.0 P50 36439.0 P95 36439.0 Count 1
video_3_1_0_2_F Mean 37588.0 P50 37589.0 P95 37589.0 Count 1
Sort by P95:
video_3_1_0_1_T Mean 24591.6 P50 24130.0 P95 26597.0 Count 10
video_3_1_2_0_T Mean 25081.9 P50 24832.0 P95 27827.0 Count 10
video_3_1_2_1_T Mean 24055.6 P50 23745.0 P95 29889.0 Count 10
video_3_1_3_1_T Mean 24039.5 P50 21944.0 P95 30644.0 Count 10
video_3_1_1_0_T Mean 26360.89 P50 25118.0 P95 31045.0 Count 9
video_3_1_3_0_T Mean 28801.2 P50 29139.0 P95 31374.0 Count 10
video_3_1_1_0_F Mean 28996.4 P50 28429.0 P95 31604.0 Count 10
video_3_1_0_0_F Mean 30622.6 P50 30534.0 P95 31743.0 Count 10
video_3_1_2_0_F Mean 31993.0 P50 31994.0 P95 31994.0 Count 1
video_3_1_1_1_T Mean 25392.8 P50 24782.0 P95 32089.0 Count 10
video_3_1_2_2_T Mean 26840.2 P50 26725.0 P95 32653.0 Count 10
video_3_1_0_2_T Mean 32881.0 P50 32882.0 P95 32882.0 Count 1
video_3_1_2_1_F Mean 28244.8 P50 27626.0 P95 33604.0 Count 10
video_3_1_3_2_T Mean 25636.8 P50 23395.0 P95 33789.0 Count 10
video_3_1_1_2_T Mean 34071.0 P50 34072.0 P95 34072.0 Count 1
video_3_1_1_2_F Mean 34727.0 P50 34728.0 P95 34728.0 Count 1
video_3_1_3_1_F Mean 29044.5 P50 27955.0 P95 36367.0 Count 10
video_3_1_3_2_F Mean 36438.0 P50 36439.0 P95 36439.0 Count 1
video_3_1_0_2_F Mean 37588.0 P50 37589.0 P95 37589.0 Count 1
video_3_1_0_1_F Mean 29972.7 P50 28991.0 P95 37837.0 Count 10
video_3_1_1_1_F Mean 30673.2 P50 28957.0 P95 39380.0 Count 10
video_3_1_0_0_T Mean 30855.3 P50 30396.0 P95 40007.0 Count 10
video_3_1_3_0_F Mean 33591.9 P50 32341.0 P95 42497.0 Count 10
video_3_1_2_2_F Mean 32524.5 P50 28891.0 P95 45985.0 Count 10
