Sort by Mean:
ml_1_1_0_0_F Mean 46961.5 P50 46707.0 P95 56280.0 Count 10
ml_1_1_0_1_T Mean 49699.4 P50 49265.0 P95 55063.0 Count 10
ml_1_1_0_1_F Mean 50911.6 P50 50040.0 P95 55577.0 Count 10
ml_1_1_2_1_T Mean 51547.0 P50 50602.0 P95 57757.0 Count 6
ml_1_1_2_0_F Mean 51592.6 P50 40625.0 P95 88138.0 Count 10
ml_1_1_3_1_T Mean 52183.2 P50 51291.0 P95 61853.0 Count 10
ml_1_1_0_0_T Mean 52384.86 P50 53935.0 P95 61942.0 Count 7
ml_1_1_3_1_F Mean 54606.5 P50 53850.0 P95 60975.0 Count 10
ml_1_1_1_1_F Mean 55137.0 P50 55138.0 P95 55138.0 Count 1
ml_1_1_2_1_F Mean 59898.0 P50 59899.0 P95 59899.0 Count 1
ml_1_1_1_1_T Mean 60684.5 P50 50450.0 P95 147282.0 Count 10
ml_1_1_1_0_T Mean 69289.83 P50 68684.0 P95 90786.0 Count 6
ml_1_1_1_0_F Mean 72192.83 P50 78516.0 P95 97337.0 Count 6
ml_1_1_3_0_F Mean 74487.67 P50 65838.0 P95 125236.0 Count 6
ml_1_1_3_0_T Mean 76557.0 P50 76927.0 P95 129849.0 Count 10
ml_1_1_2_0_T Mean 84361.7 P50 63830.0 P95 195318.0 Count 10
Sort by P50:
ml_1_1_2_0_F Mean 51592.6 P50 40625.0 P95 88138.0 Count 10
ml_1_1_0_0_F Mean 46961.5 P50 46707.0 P95 56280.0 Count 10
ml_1_1_0_1_T Mean 49699.4 P50 49265.0 P95 55063.0 Count 10
ml_1_1_0_1_F Mean 50911.6 P50 50040.0 P95 55577.0 Count 10
ml_1_1_1_1_T Mean 60684.5 P50 50450.0 P95 147282.0 Count 10
ml_1_1_2_1_T Mean 51547.0 P50 50602.0 P95 57757.0 Count 6
ml_1_1_3_1_T Mean 52183.2 P50 51291.0 P95 61853.0 Count 10
ml_1_1_3_1_F Mean 54606.5 P50 53850.0 P95 60975.0 Count 10
ml_1_1_0_0_T Mean 52384.86 P50 53935.0 P95 61942.0 Count 7
ml_1_1_1_1_F Mean 55137.0 P50 55138.0 P95 55138.0 Count 1
ml_1_1_2_1_F Mean 59898.0 P50 59899.0 P95 59899.0 Count 1
ml_1_1_2_0_T Mean 84361.7 P50 63830.0 P95 195318.0 Count 10
ml_1_1_3_0_F Mean 74487.67 P50 65838.0 P95 125236.0 Count 6
ml_1_1_1_0_T Mean 69289.83 P50 68684.0 P95 90786.0 Count 6
ml_1_1_3_0_T Mean 76557.0 P50 76927.0 P95 129849.0 Count 10
ml_1_1_1_0_F Mean 72192.83 P50 78516.0 P95 97337.0 Count 6
Sort by P95:
ml_1_1_0_1_T Mean 49699.4 P50 49265.0 P95 55063.0 Count 10
ml_1_1_1_1_F Mean 55137.0 P50 55138.0 P95 55138.0 Count 1
ml_1_1_0_1_F Mean 50911.6 P50 50040.0 P95 55577.0 Count 10
ml_1_1_0_0_F Mean 46961.5 P50 46707.0 P95 56280.0 Count 10
ml_1_1_2_1_T Mean 51547.0 P50 50602.0 P95 57757.0 Count 6
ml_1_1_2_1_F Mean 59898.0 P50 59899.0 P95 59899.0 Count 1
ml_1_1_3_1_F Mean 54606.5 P50 53850.0 P95 60975.0 Count 10
ml_1_1_3_1_T Mean 52183.2 P50 51291.0 P95 61853.0 Count 10
ml_1_1_0_0_T Mean 52384.86 P50 53935.0 P95 61942.0 Count 7
ml_1_1_2_0_F Mean 51592.6 P50 40625.0 P95 88138.0 Count 10
ml_1_1_1_0_T Mean 69289.83 P50 68684.0 P95 90786.0 Count 6
ml_1_1_1_0_F Mean 72192.83 P50 78516.0 P95 97337.0 Count 6
ml_1_1_3_0_F Mean 74487.67 P50 65838.0 P95 125236.0 Count 6
ml_1_1_3_0_T Mean 76557.0 P50 76927.0 P95 129849.0 Count 10
ml_1_1_1_1_T Mean 60684.5 P50 50450.0 P95 147282.0 Count 10
ml_1_1_2_0_T Mean 84361.7 P50 63830.0 P95 195318.0 Count 10
