Sort by Mean:
ml_1_1_0_0_S Mean 33909.6 P50 33411.0 P95 39790.0 Count 10
ml_1_1_0_0_T Mean 34575.5 P50 32039.0 P95 39225.0 Count 10
ml_1_1_1_0_S Mean 35951.3 P50 35010.0 P95 41400.0 Count 10
ml_1_1_3_0_T Mean 36099.7 P50 34488.0 P95 42049.0 Count 10
ml_1_1_2_0_S Mean 36263.0 P50 35026.0 P95 42192.0 Count 10
ml_1_1_3_0_S Mean 36310.8 P50 34140.0 P95 39831.0 Count 10
ml_1_1_1_0_T Mean 36844.5 P50 35916.0 P95 45431.0 Count 10
ml_1_1_2_0_T Mean 37622.7 P50 38209.0 P95 43891.0 Count 10
ml_1_1_3_0_F Mean 37935.5 P50 37372.0 P95 41544.0 Count 10
ml_1_1_0_0_F Mean 37987.0 P50 37663.0 P95 40035.0 Count 10
ml_1_1_2_0_F Mean 39798.2 P50 38731.0 P95 46743.0 Count 10
ml_1_1_1_0_F Mean 39886.4 P50 39901.0 P95 41727.0 Count 10
ml_1_1_0_1_S Mean 47162.3 P50 47115.0 P95 48753.0 Count 10
ml_1_1_1_1_T Mean 47747.5 P50 46734.0 P95 52738.0 Count 10
ml_1_1_0_1_T Mean 47788.6 P50 47019.0 P95 53178.0 Count 10
ml_1_1_1_1_S Mean 47865.3 P50 47899.0 P95 50485.0 Count 10
ml_1_1_0_2_T Mean 48478.7 P50 47548.0 P95 54785.0 Count 10
ml_1_1_2_1_T Mean 49067.7 P50 47547.0 P95 55096.0 Count 10
ml_1_1_0_2_S Mean 49420.2 P50 48381.0 P95 53942.0 Count 10
ml_1_1_3_1_S Mean 50504.2 P50 50743.0 P95 54181.0 Count 10
ml_1_1_2_1_S Mean 50683.2 P50 49261.0 P95 54950.0 Count 10
ml_1_1_3_1_T Mean 51159.8 P50 50714.0 P95 55067.0 Count 10
ml_1_1_3_2_T Mean 52224.8 P50 48331.0 P95 68296.0 Count 10
ml_1_1_0_1_F Mean 52283.0 P50 51831.0 P95 56081.0 Count 10
ml_1_1_3_1_F Mean 52328.0 P50 51321.0 P95 54869.0 Count 3
ml_1_1_2_1_F Mean 52969.7 P50 52893.0 P95 56865.0 Count 10
ml_1_1_1_1_F Mean 53761.8 P50 54275.0 P95 56967.0 Count 10
ml_1_1_1_2_S Mean 65461.8 P50 66435.0 P95 70780.0 Count 10
ml_1_1_3_2_S Mean 66133.3 P50 66580.0 P95 72016.0 Count 10
ml_1_1_2_2_S Mean 66225.7 P50 67091.0 P95 72127.0 Count 10
ml_1_1_1_2_T Mean 67644.5 P50 69311.0 P95 72302.0 Count 10
ml_1_1_2_2_T Mean 67938.0 P50 68978.0 P95 73299.0 Count 10
ml_1_1_0_2_F Mean 68094.9 P50 68065.0 P95 77622.0 Count 10
ml_1_1_2_2_F Mean 69609.0 P50 70562.0 P95 75207.0 Count 10
ml_1_1_1_2_F Mean 69919.5 P50 70449.0 P95 76760.0 Count 10
ml_1_1_3_2_F Mean 69947.9 P50 70705.0 P95 74823.0 Count 10
Sort by P50:
ml_1_1_0_0_T Mean 34575.5 P50 32039.0 P95 39225.0 Count 10
ml_1_1_0_0_S Mean 33909.6 P50 33411.0 P95 39790.0 Count 10
ml_1_1_3_0_S Mean 36310.8 P50 34140.0 P95 39831.0 Count 10
ml_1_1_3_0_T Mean 36099.7 P50 34488.0 P95 42049.0 Count 10
ml_1_1_1_0_S Mean 35951.3 P50 35010.0 P95 41400.0 Count 10
ml_1_1_2_0_S Mean 36263.0 P50 35026.0 P95 42192.0 Count 10
ml_1_1_1_0_T Mean 36844.5 P50 35916.0 P95 45431.0 Count 10
ml_1_1_3_0_F Mean 37935.5 P50 37372.0 P95 41544.0 Count 10
ml_1_1_0_0_F Mean 37987.0 P50 37663.0 P95 40035.0 Count 10
ml_1_1_2_0_T Mean 37622.7 P50 38209.0 P95 43891.0 Count 10
ml_1_1_2_0_F Mean 39798.2 P50 38731.0 P95 46743.0 Count 10
ml_1_1_1_0_F Mean 39886.4 P50 39901.0 P95 41727.0 Count 10
ml_1_1_1_1_T Mean 47747.5 P50 46734.0 P95 52738.0 Count 10
ml_1_1_0_1_T Mean 47788.6 P50 47019.0 P95 53178.0 Count 10
ml_1_1_0_1_S Mean 47162.3 P50 47115.0 P95 48753.0 Count 10
ml_1_1_2_1_T Mean 49067.7 P50 47547.0 P95 55096.0 Count 10
ml_1_1_0_2_T Mean 48478.7 P50 47548.0 P95 54785.0 Count 10
ml_1_1_1_1_S Mean 47865.3 P50 47899.0 P95 50485.0 Count 10
ml_1_1_3_2_T Mean 52224.8 P50 48331.0 P95 68296.0 Count 10
ml_1_1_0_2_S Mean 49420.2 P50 48381.0 P95 53942.0 Count 10
ml_1_1_2_1_S Mean 50683.2 P50 49261.0 P95 54950.0 Count 10
ml_1_1_3_1_T Mean 51159.8 P50 50714.0 P95 55067.0 Count 10
ml_1_1_3_1_S Mean 50504.2 P50 50743.0 P95 54181.0 Count 10
ml_1_1_3_1_F Mean 52328.0 P50 51321.0 P95 54869.0 Count 3
ml_1_1_0_1_F Mean 52283.0 P50 51831.0 P95 56081.0 Count 10
ml_1_1_2_1_F Mean 52969.7 P50 52893.0 P95 56865.0 Count 10
ml_1_1_1_1_F Mean 53761.8 P50 54275.0 P95 56967.0 Count 10
ml_1_1_1_2_S Mean 65461.8 P50 66435.0 P95 70780.0 Count 10
ml_1_1_3_2_S Mean 66133.3 P50 66580.0 P95 72016.0 Count 10
ml_1_1_2_2_S Mean 66225.7 P50 67091.0 P95 72127.0 Count 10
ml_1_1_0_2_F Mean 68094.9 P50 68065.0 P95 77622.0 Count 10
ml_1_1_2_2_T Mean 67938.0 P50 68978.0 P95 73299.0 Count 10
ml_1_1_1_2_T Mean 67644.5 P50 69311.0 P95 72302.0 Count 10
ml_1_1_1_2_F Mean 69919.5 P50 70449.0 P95 76760.0 Count 10
ml_1_1_2_2_F Mean 69609.0 P50 70562.0 P95 75207.0 Count 10
ml_1_1_3_2_F Mean 69947.9 P50 70705.0 P95 74823.0 Count 10
Sort by P95:
ml_1_1_0_0_T Mean 34575.5 P50 32039.0 P95 39225.0 Count 10
ml_1_1_0_0_S Mean 33909.6 P50 33411.0 P95 39790.0 Count 10
ml_1_1_3_0_S Mean 36310.8 P50 34140.0 P95 39831.0 Count 10
ml_1_1_0_0_F Mean 37987.0 P50 37663.0 P95 40035.0 Count 10
ml_1_1_1_0_S Mean 35951.3 P50 35010.0 P95 41400.0 Count 10
ml_1_1_3_0_F Mean 37935.5 P50 37372.0 P95 41544.0 Count 10
ml_1_1_1_0_F Mean 39886.4 P50 39901.0 P95 41727.0 Count 10
ml_1_1_3_0_T Mean 36099.7 P50 34488.0 P95 42049.0 Count 10
ml_1_1_2_0_S Mean 36263.0 P50 35026.0 P95 42192.0 Count 10
ml_1_1_2_0_T Mean 37622.7 P50 38209.0 P95 43891.0 Count 10
ml_1_1_1_0_T Mean 36844.5 P50 35916.0 P95 45431.0 Count 10
ml_1_1_2_0_F Mean 39798.2 P50 38731.0 P95 46743.0 Count 10
ml_1_1_0_1_S Mean 47162.3 P50 47115.0 P95 48753.0 Count 10
ml_1_1_1_1_S Mean 47865.3 P50 47899.0 P95 50485.0 Count 10
ml_1_1_1_1_T Mean 47747.5 P50 46734.0 P95 52738.0 Count 10
ml_1_1_0_1_T Mean 47788.6 P50 47019.0 P95 53178.0 Count 10
ml_1_1_0_2_S Mean 49420.2 P50 48381.0 P95 53942.0 Count 10
ml_1_1_3_1_S Mean 50504.2 P50 50743.0 P95 54181.0 Count 10
ml_1_1_0_2_T Mean 48478.7 P50 47548.0 P95 54785.0 Count 10
ml_1_1_3_1_F Mean 52328.0 P50 51321.0 P95 54869.0 Count 3
ml_1_1_2_1_S Mean 50683.2 P50 49261.0 P95 54950.0 Count 10
ml_1_1_3_1_T Mean 51159.8 P50 50714.0 P95 55067.0 Count 10
ml_1_1_2_1_T Mean 49067.7 P50 47547.0 P95 55096.0 Count 10
ml_1_1_0_1_F Mean 52283.0 P50 51831.0 P95 56081.0 Count 10
ml_1_1_2_1_F Mean 52969.7 P50 52893.0 P95 56865.0 Count 10
ml_1_1_1_1_F Mean 53761.8 P50 54275.0 P95 56967.0 Count 10
ml_1_1_3_2_T Mean 52224.8 P50 48331.0 P95 68296.0 Count 10
ml_1_1_1_2_S Mean 65461.8 P50 66435.0 P95 70780.0 Count 10
ml_1_1_3_2_S Mean 66133.3 P50 66580.0 P95 72016.0 Count 10
ml_1_1_2_2_S Mean 66225.7 P50 67091.0 P95 72127.0 Count 10
ml_1_1_1_2_T Mean 67644.5 P50 69311.0 P95 72302.0 Count 10
ml_1_1_2_2_T Mean 67938.0 P50 68978.0 P95 73299.0 Count 10
ml_1_1_3_2_F Mean 69947.9 P50 70705.0 P95 74823.0 Count 10
ml_1_1_2_2_F Mean 69609.0 P50 70562.0 P95 75207.0 Count 10
ml_1_1_1_2_F Mean 69919.5 P50 70449.0 P95 76760.0 Count 10
ml_1_1_0_2_F Mean 68094.9 P50 68065.0 P95 77622.0 Count 10
