Sort by Mean:
ml_1_1_0_0_S Mean 33909.6 P50 33411.0 P95 39790.0 Count 10
ml_1_1_0_0_T Mean 34575.5 P50 32039.0 P95 39225.0 Count 10
ml_1_1_1_0_S Mean 35951.3 P50 35010.0 P95 41400.0 Count 10
ml_1_1_3_0_T Mean 36099.7 P50 34488.0 P95 42049.0 Count 10
ml_1_1_2_0_S Mean 36263.0 P50 35026.0 P95 42192.0 Count 10
ml_1_1_3_0_S Mean 36310.8 P50 34140.0 P95 39831.0 Count 10
ml_1_1_1_0_T Mean 36844.5 P50 35916.0 P95 45431.0 Count 10
ml_1_1_2_0_T Mean 37622.7 P50 38209.0 P95 43891.0 Count 10
ml_1_1_3_0_F Mean 37935.5 P50 37372.0 P95 41544.0 Count 10
ml_1_1_0_0_F Mean 37987.0 P50 37663.0 P95 40035.0 Count 10
ml_1_1_2_0_F Mean 39798.2 P50 38731.0 P95 46743.0 Count 10
ml_1_1_1_0_F Mean 39886.4 P50 39901.0 P95 41727.0 Count 10
ml_1_1_0_1_S Mean 47295.57 P50 47157.0 P95 48380.0 Count 7
ml_1_1_0_1_T Mean 47788.6 P50 47019.0 P95 53178.0 Count 10
ml_1_1_0_2_T Mean 48478.7 P50 47548.0 P95 54785.0 Count 10
ml_1_1_3_2_T Mean 48902.0 P50 48903.0 P95 48903.0 Count 1
ml_1_1_1_1_S Mean 48913.0 P50 48914.0 P95 48914.0 Count 1
ml_1_1_2_2_S Mean 48935.0 P50 48936.0 P95 48936.0 Count 1
ml_1_1_1_1_T Mean 49088.0 P50 49089.0 P95 49089.0 Count 1
ml_1_1_0_2_S Mean 49420.2 P50 48381.0 P95 53942.0 Count 10
ml_1_1_1_2_S Mean 49597.0 P50 49598.0 P95 49598.0 Count 1
ml_1_1_2_2_T Mean 50210.0 P50 50211.0 P95 50211.0 Count 1
ml_1_1_1_2_T Mean 50259.0 P50 50260.0 P95 50260.0 Count 1
ml_1_1_3_1_T Mean 51159.8 P50 50714.0 P95 55067.0 Count 10
ml_1_1_3_2_S Mean 51192.0 P50 51193.0 P95 51193.0 Count 1
ml_1_1_0_1_F Mean 51266.0 P50 51267.0 P95 51267.0 Count 1
ml_1_1_0_2_F Mean 51288.0 P50 51289.0 P95 51289.0 Count 1
ml_1_1_1_2_F Mean 51450.0 P50 51451.0 P95 51451.0 Count 1
ml_1_1_2_1_T Mean 51754.0 P50 51755.0 P95 51755.0 Count 1
ml_1_1_3_1_S Mean 52023.0 P50 52024.0 P95 52024.0 Count 1
ml_1_1_1_1_F Mean 52768.0 P50 52769.0 P95 52769.0 Count 1
ml_1_1_2_2_F Mean 52831.0 P50 52832.0 P95 52832.0 Count 1
ml_1_1_2_1_F Mean 52893.0 P50 52894.0 P95 52894.0 Count 1
ml_1_1_2_1_S Mean 53887.0 P50 53888.0 P95 53888.0 Count 1
ml_1_1_3_2_F Mean 53891.0 P50 53892.0 P95 53892.0 Count 1
ml_1_1_3_1_F Mean 54869.0 P50 54870.0 P95 54870.0 Count 1
Sort by P50:
ml_1_1_0_0_T Mean 34575.5 P50 32039.0 P95 39225.0 Count 10
ml_1_1_0_0_S Mean 33909.6 P50 33411.0 P95 39790.0 Count 10
ml_1_1_3_0_S Mean 36310.8 P50 34140.0 P95 39831.0 Count 10
ml_1_1_3_0_T Mean 36099.7 P50 34488.0 P95 42049.0 Count 10
ml_1_1_1_0_S Mean 35951.3 P50 35010.0 P95 41400.0 Count 10
ml_1_1_2_0_S Mean 36263.0 P50 35026.0 P95 42192.0 Count 10
ml_1_1_1_0_T Mean 36844.5 P50 35916.0 P95 45431.0 Count 10
ml_1_1_3_0_F Mean 37935.5 P50 37372.0 P95 41544.0 Count 10
ml_1_1_0_0_F Mean 37987.0 P50 37663.0 P95 40035.0 Count 10
ml_1_1_2_0_T Mean 37622.7 P50 38209.0 P95 43891.0 Count 10
ml_1_1_2_0_F Mean 39798.2 P50 38731.0 P95 46743.0 Count 10
ml_1_1_1_0_F Mean 39886.4 P50 39901.0 P95 41727.0 Count 10
ml_1_1_0_1_T Mean 47788.6 P50 47019.0 P95 53178.0 Count 10
ml_1_1_0_1_S Mean 47295.57 P50 47157.0 P95 48380.0 Count 7
ml_1_1_0_2_T Mean 48478.7 P50 47548.0 P95 54785.0 Count 10
ml_1_1_0_2_S Mean 49420.2 P50 48381.0 P95 53942.0 Count 10
ml_1_1_3_2_T Mean 48902.0 P50 48903.0 P95 48903.0 Count 1
ml_1_1_1_1_S Mean 48913.0 P50 48914.0 P95 48914.0 Count 1
ml_1_1_2_2_S Mean 48935.0 P50 48936.0 P95 48936.0 Count 1
ml_1_1_1_1_T Mean 49088.0 P50 49089.0 P95 49089.0 Count 1
ml_1_1_1_2_S Mean 49597.0 P50 49598.0 P95 49598.0 Count 1
ml_1_1_2_2_T Mean 50210.0 P50 50211.0 P95 50211.0 Count 1
ml_1_1_1_2_T Mean 50259.0 P50 50260.0 P95 50260.0 Count 1
ml_1_1_3_1_T Mean 51159.8 P50 50714.0 P95 55067.0 Count 10
ml_1_1_3_2_S Mean 51192.0 P50 51193.0 P95 51193.0 Count 1
ml_1_1_0_1_F Mean 51266.0 P50 51267.0 P95 51267.0 Count 1
ml_1_1_0_2_F Mean 51288.0 P50 51289.0 P95 51289.0 Count 1
ml_1_1_1_2_F Mean 51450.0 P50 51451.0 P95 51451.0 Count 1
ml_1_1_2_1_T Mean 51754.0 P50 51755.0 P95 51755.0 Count 1
ml_1_1_3_1_S Mean 52023.0 P50 52024.0 P95 52024.0 Count 1
ml_1_1_1_1_F Mean 52768.0 P50 52769.0 P95 52769.0 Count 1
ml_1_1_2_2_F Mean 52831.0 P50 52832.0 P95 52832.0 Count 1
ml_1_1_2_1_F Mean 52893.0 P50 52894.0 P95 52894.0 Count 1
ml_1_1_2_1_S Mean 53887.0 P50 53888.0 P95 53888.0 Count 1
ml_1_1_3_2_F Mean 53891.0 P50 53892.0 P95 53892.0 Count 1
ml_1_1_3_1_F Mean 54869.0 P50 54870.0 P95 54870.0 Count 1
Sort by P95:
ml_1_1_0_0_T Mean 34575.5 P50 32039.0 P95 39225.0 Count 10
ml_1_1_0_0_S Mean 33909.6 P50 33411.0 P95 39790.0 Count 10
ml_1_1_3_0_S Mean 36310.8 P50 34140.0 P95 39831.0 Count 10
ml_1_1_0_0_F Mean 37987.0 P50 37663.0 P95 40035.0 Count 10
ml_1_1_1_0_S Mean 35951.3 P50 35010.0 P95 41400.0 Count 10
ml_1_1_3_0_F Mean 37935.5 P50 37372.0 P95 41544.0 Count 10
ml_1_1_1_0_F Mean 39886.4 P50 39901.0 P95 41727.0 Count 10
ml_1_1_3_0_T Mean 36099.7 P50 34488.0 P95 42049.0 Count 10
ml_1_1_2_0_S Mean 36263.0 P50 35026.0 P95 42192.0 Count 10
ml_1_1_2_0_T Mean 37622.7 P50 38209.0 P95 43891.0 Count 10
ml_1_1_1_0_T Mean 36844.5 P50 35916.0 P95 45431.0 Count 10
ml_1_1_2_0_F Mean 39798.2 P50 38731.0 P95 46743.0 Count 10
ml_1_1_0_1_S Mean 47295.57 P50 47157.0 P95 48380.0 Count 7
ml_1_1_3_2_T Mean 48902.0 P50 48903.0 P95 48903.0 Count 1
ml_1_1_1_1_S Mean 48913.0 P50 48914.0 P95 48914.0 Count 1
ml_1_1_2_2_S Mean 48935.0 P50 48936.0 P95 48936.0 Count 1
ml_1_1_1_1_T Mean 49088.0 P50 49089.0 P95 49089.0 Count 1
ml_1_1_1_2_S Mean 49597.0 P50 49598.0 P95 49598.0 Count 1
ml_1_1_2_2_T Mean 50210.0 P50 50211.0 P95 50211.0 Count 1
ml_1_1_1_2_T Mean 50259.0 P50 50260.0 P95 50260.0 Count 1
ml_1_1_3_2_S Mean 51192.0 P50 51193.0 P95 51193.0 Count 1
ml_1_1_0_1_F Mean 51266.0 P50 51267.0 P95 51267.0 Count 1
ml_1_1_0_2_F Mean 51288.0 P50 51289.0 P95 51289.0 Count 1
ml_1_1_1_2_F Mean 51450.0 P50 51451.0 P95 51451.0 Count 1
ml_1_1_2_1_T Mean 51754.0 P50 51755.0 P95 51755.0 Count 1
ml_1_1_3_1_S Mean 52023.0 P50 52024.0 P95 52024.0 Count 1
ml_1_1_1_1_F Mean 52768.0 P50 52769.0 P95 52769.0 Count 1
ml_1_1_2_2_F Mean 52831.0 P50 52832.0 P95 52832.0 Count 1
ml_1_1_2_1_F Mean 52893.0 P50 52894.0 P95 52894.0 Count 1
ml_1_1_0_1_T Mean 47788.6 P50 47019.0 P95 53178.0 Count 10
ml_1_1_2_1_S Mean 53887.0 P50 53888.0 P95 53888.0 Count 1
ml_1_1_3_2_F Mean 53891.0 P50 53892.0 P95 53892.0 Count 1
ml_1_1_0_2_S Mean 49420.2 P50 48381.0 P95 53942.0 Count 10
ml_1_1_0_2_T Mean 48478.7 P50 47548.0 P95 54785.0 Count 10
ml_1_1_3_1_F Mean 54869.0 P50 54870.0 P95 54870.0 Count 1
ml_1_1_3_1_T Mean 51159.8 P50 50714.0 P95 55067.0 Count 10
