Sort by Mean:
ml_2_1_2_0_F Mean 42150.8 P50 38656.0 P95 57257.0 Count 10
ml_2_1_3_0_F Mean 42386.2 P50 42877.0 P95 48005.0 Count 10
ml_2_1_2_0_T Mean 43651.8 P50 41928.0 P95 55048.0 Count 10
ml_2_1_1_0_F Mean 44573.5 P50 36340.0 P95 52808.0 Count 2
ml_2_1_0_0_T Mean 48647.36 P50 48988.0 P95 63383.0 Count 11
ml_2_1_3_1_F Mean 48809.8 P50 48402.0 P95 50892.0 Count 10
ml_2_1_1_1_F Mean 49185.5 P50 49113.0 P95 49930.0 Count 10
ml_2_1_1_1_T Mean 50014.1 P50 49973.0 P95 51446.0 Count 10
ml_2_1_0_1_T Mean 50153.7 P50 49837.0 P95 53842.0 Count 10
ml_2_1_0_1_F Mean 50387.82 P50 49187.0 P95 54617.0 Count 11
ml_2_1_2_1_F Mean 50523.4 P50 49003.0 P95 58999.0 Count 10
ml_2_1_2_1_T Mean 50713.6 P50 49527.0 P95 55042.0 Count 10
ml_2_1_1_0_T Mean 50972.8 P50 44528.0 P95 71808.0 Count 10
ml_2_1_3_1_T Mean 54098.3 P50 51385.0 P95 73260.0 Count 10
ml_2_1_3_0_T Mean 63692.0 P50 63693.0 P95 63693.0 Count 1
ml_2_1_0_0_F Mean 76277.0 P50 76278.0 P95 76278.0 Count 1
Sort by P50:
ml_2_1_1_0_F Mean 44573.5 P50 36340.0 P95 52808.0 Count 2
ml_2_1_2_0_F Mean 42150.8 P50 38656.0 P95 57257.0 Count 10
ml_2_1_2_0_T Mean 43651.8 P50 41928.0 P95 55048.0 Count 10
ml_2_1_3_0_F Mean 42386.2 P50 42877.0 P95 48005.0 Count 10
ml_2_1_1_0_T Mean 50972.8 P50 44528.0 P95 71808.0 Count 10
ml_2_1_3_1_F Mean 48809.8 P50 48402.0 P95 50892.0 Count 10
ml_2_1_0_0_T Mean 48647.36 P50 48988.0 P95 63383.0 Count 11
ml_2_1_2_1_F Mean 50523.4 P50 49003.0 P95 58999.0 Count 10
ml_2_1_1_1_F Mean 49185.5 P50 49113.0 P95 49930.0 Count 10
ml_2_1_0_1_F Mean 50387.82 P50 49187.0 P95 54617.0 Count 11
ml_2_1_2_1_T Mean 50713.6 P50 49527.0 P95 55042.0 Count 10
ml_2_1_0_1_T Mean 50153.7 P50 49837.0 P95 53842.0 Count 10
ml_2_1_1_1_T Mean 50014.1 P50 49973.0 P95 51446.0 Count 10
ml_2_1_3_1_T Mean 54098.3 P50 51385.0 P95 73260.0 Count 10
ml_2_1_3_0_T Mean 63692.0 P50 63693.0 P95 63693.0 Count 1
ml_2_1_0_0_F Mean 76277.0 P50 76278.0 P95 76278.0 Count 1
Sort by P95:
ml_2_1_3_0_F Mean 42386.2 P50 42877.0 P95 48005.0 Count 10
ml_2_1_1_1_F Mean 49185.5 P50 49113.0 P95 49930.0 Count 10
ml_2_1_3_1_F Mean 48809.8 P50 48402.0 P95 50892.0 Count 10
ml_2_1_1_1_T Mean 50014.1 P50 49973.0 P95 51446.0 Count 10
ml_2_1_1_0_F Mean 44573.5 P50 36340.0 P95 52808.0 Count 2
ml_2_1_0_1_T Mean 50153.7 P50 49837.0 P95 53842.0 Count 10
ml_2_1_0_1_F Mean 50387.82 P50 49187.0 P95 54617.0 Count 11
ml_2_1_2_1_T Mean 50713.6 P50 49527.0 P95 55042.0 Count 10
ml_2_1_2_0_T Mean 43651.8 P50 41928.0 P95 55048.0 Count 10
ml_2_1_2_0_F Mean 42150.8 P50 38656.0 P95 57257.0 Count 10
ml_2_1_2_1_F Mean 50523.4 P50 49003.0 P95 58999.0 Count 10
ml_2_1_0_0_T Mean 48647.36 P50 48988.0 P95 63383.0 Count 11
ml_2_1_3_0_T Mean 63692.0 P50 63693.0 P95 63693.0 Count 1
ml_2_1_1_0_T Mean 50972.8 P50 44528.0 P95 71808.0 Count 10
ml_2_1_3_1_T Mean 54098.3 P50 51385.0 P95 73260.0 Count 10
ml_2_1_0_0_F Mean 76277.0 P50 76278.0 P95 76278.0 Count 1
