Sort by Mean:
ml_1_1_2_0_F Mean 44769.0 P50 44770.0 P95 44770.0 Count 1
ml_1_1_0_0_F Mean 45449.67 P50 44875.0 P95 55474.0 Count 6
ml_1_1_0_1_T Mean 50227.67 P50 49881.0 P95 55063.0 Count 6
ml_1_1_3_1_T Mean 51241.0 P50 50747.0 P95 52858.0 Count 6
ml_1_1_2_0_T Mean 51591.0 P50 51592.0 P95 51592.0 Count 1
ml_1_1_0_1_F Mean 51635.67 P50 50231.0 P95 55577.0 Count 6
ml_1_1_1_1_T Mean 52247.0 P50 52248.0 P95 52248.0 Count 1
ml_1_1_0_0_T Mean 52384.86 P50 53935.0 P95 61942.0 Count 7
ml_1_1_2_1_T Mean 53165.0 P50 53166.0 P95 53166.0 Count 1
ml_1_1_3_1_F Mean 53788.33 P50 52672.0 P95 59471.0 Count 6
ml_1_1_1_1_F Mean 55137.0 P50 55138.0 P95 55138.0 Count 1
ml_1_1_2_1_F Mean 59898.0 P50 59899.0 P95 59899.0 Count 1
ml_1_1_3_0_T Mean 61042.5 P50 50138.0 P95 91097.0 Count 6
ml_1_1_1_0_T Mean 69289.83 P50 68684.0 P95 90786.0 Count 6
ml_1_1_1_0_F Mean 72192.83 P50 78516.0 P95 97337.0 Count 6
ml_1_1_3_0_F Mean 74487.67 P50 65838.0 P95 125236.0 Count 6
Sort by P50:
ml_1_1_2_0_F Mean 44769.0 P50 44770.0 P95 44770.0 Count 1
ml_1_1_0_0_F Mean 45449.67 P50 44875.0 P95 55474.0 Count 6
ml_1_1_0_1_T Mean 50227.67 P50 49881.0 P95 55063.0 Count 6
ml_1_1_3_0_T Mean 61042.5 P50 50138.0 P95 91097.0 Count 6
ml_1_1_0_1_F Mean 51635.67 P50 50231.0 P95 55577.0 Count 6
ml_1_1_3_1_T Mean 51241.0 P50 50747.0 P95 52858.0 Count 6
ml_1_1_2_0_T Mean 51591.0 P50 51592.0 P95 51592.0 Count 1
ml_1_1_1_1_T Mean 52247.0 P50 52248.0 P95 52248.0 Count 1
ml_1_1_3_1_F Mean 53788.33 P50 52672.0 P95 59471.0 Count 6
ml_1_1_2_1_T Mean 53165.0 P50 53166.0 P95 53166.0 Count 1
ml_1_1_0_0_T Mean 52384.86 P50 53935.0 P95 61942.0 Count 7
ml_1_1_1_1_F Mean 55137.0 P50 55138.0 P95 55138.0 Count 1
ml_1_1_2_1_F Mean 59898.0 P50 59899.0 P95 59899.0 Count 1
ml_1_1_3_0_F Mean 74487.67 P50 65838.0 P95 125236.0 Count 6
ml_1_1_1_0_T Mean 69289.83 P50 68684.0 P95 90786.0 Count 6
ml_1_1_1_0_F Mean 72192.83 P50 78516.0 P95 97337.0 Count 6
Sort by P95:
ml_1_1_2_0_F Mean 44769.0 P50 44770.0 P95 44770.0 Count 1
ml_1_1_2_0_T Mean 51591.0 P50 51592.0 P95 51592.0 Count 1
ml_1_1_1_1_T Mean 52247.0 P50 52248.0 P95 52248.0 Count 1
ml_1_1_3_1_T Mean 51241.0 P50 50747.0 P95 52858.0 Count 6
ml_1_1_2_1_T Mean 53165.0 P50 53166.0 P95 53166.0 Count 1
ml_1_1_0_1_T Mean 50227.67 P50 49881.0 P95 55063.0 Count 6
ml_1_1_1_1_F Mean 55137.0 P50 55138.0 P95 55138.0 Count 1
ml_1_1_0_0_F Mean 45449.67 P50 44875.0 P95 55474.0 Count 6
ml_1_1_0_1_F Mean 51635.67 P50 50231.0 P95 55577.0 Count 6
ml_1_1_3_1_F Mean 53788.33 P50 52672.0 P95 59471.0 Count 6
ml_1_1_2_1_F Mean 59898.0 P50 59899.0 P95 59899.0 Count 1
ml_1_1_0_0_T Mean 52384.86 P50 53935.0 P95 61942.0 Count 7
ml_1_1_1_0_T Mean 69289.83 P50 68684.0 P95 90786.0 Count 6
ml_1_1_3_0_T Mean 61042.5 P50 50138.0 P95 91097.0 Count 6
ml_1_1_1_0_F Mean 72192.83 P50 78516.0 P95 97337.0 Count 6
ml_1_1_3_0_F Mean 74487.67 P50 65838.0 P95 125236.0 Count 6
