Sort by Mean:
video_3_1_0_1_T Mean 16216.7 P50 16661.0 P95 19658.0 Count 10
video_3_1_1_1_T Mean 16798.8 P50 17461.0 P95 20666.0 Count 10
video_3_1_2_1_T Mean 17821.4 P50 16851.0 P95 21323.0 Count 10
video_3_1_3_1_T Mean 17861.7 P50 18210.0 P95 22035.0 Count 10
video_3_1_3_1_S Mean 18319.4 P50 17468.0 P95 24230.0 Count 10
video_3_1_1_0_T Mean 18642.22 P50 19766.0 P95 21795.0 Count 9
video_3_1_0_2_T Mean 18705.9 P50 18118.0 P95 24071.0 Count 10
video_3_1_0_2_S Mean 19259.5 P50 18314.0 P95 26331.0 Count 10
video_3_1_3_0_T Mean 19333.2 P50 18510.0 P95 23400.0 Count 10
video_3_1_1_1_F Mean 19861.5 P50 19914.0 P95 22389.0 Count 10
video_3_1_2_1_S Mean 20169.7 P50 19318.0 P95 24509.0 Count 10
video_3_1_0_0_T Mean 20180.0 P50 16650.0 P95 38794.0 Count 10
video_3_1_0_1_S Mean 20246.0 P50 19776.0 P95 23463.0 Count 10
video_3_1_1_0_S Mean 20415.7 P50 20143.0 P95 23902.0 Count 10
video_3_1_0_2_F Mean 20475.5 P50 20085.0 P95 24793.0 Count 10
video_3_1_3_2_T Mean 20569.4 P50 19456.0 P95 28945.0 Count 10
video_3_1_2_2_S Mean 20642.9 P50 18825.0 P95 27648.0 Count 10
video_3_1_3_1_F Mean 20648.8 P50 20023.0 P95 23967.0 Count 10
video_3_1_1_2_F Mean 20668.8 P50 20168.0 P95 26318.0 Count 10
video_3_1_0_1_F Mean 20729.0 P50 20322.0 P95 24004.0 Count 10
video_3_1_0_0_F Mean 20734.8 P50 20216.0 P95 23226.0 Count 10
video_3_1_2_0_S Mean 20797.4 P50 20705.0 P95 22181.0 Count 10
video_3_1_2_2_T Mean 20829.5 P50 18380.0 P95 26524.0 Count 10
video_3_1_1_2_T Mean 20861.2 P50 21105.0 P95 24734.0 Count 10
video_3_1_1_0_F Mean 20872.8 P50 20626.0 P95 22490.0 Count 10
video_3_1_2_1_F Mean 21037.4 P50 21054.0 P95 23923.0 Count 10
video_3_1_2_0_T Mean 21068.33 P50 18413.0 P95 40103.0 Count 9
video_3_1_1_2_S Mean 21107.3 P50 20063.0 P95 28425.0 Count 10
video_3_1_3_2_S Mean 21279.7 P50 19199.0 P95 27962.0 Count 10
video_3_1_1_1_S Mean 21414.2 P50 21896.0 P95 26703.0 Count 10
video_3_1_2_2_F Mean 21955.7 P50 19689.0 P95 30855.0 Count 10
video_3_1_3_0_S Mean 22149.3 P50 21600.0 P95 24932.0 Count 10
video_3_1_0_0_S Mean 22311.0 P50 21095.0 P95 33171.0 Count 10
video_3_1_2_0_F Mean 22424.1 P50 22184.0 P95 25616.0 Count 10
video_3_1_3_2_F Mean 23298.0 P50 18460.0 P95 28137.0 Count 2
video_3_1_3_0_F Mean 23428.2 P50 23369.0 P95 26756.0 Count 10
Sort by P50:
video_3_1_0_0_T Mean 20180.0 P50 16650.0 P95 38794.0 Count 10
video_3_1_0_1_T Mean 16216.7 P50 16661.0 P95 19658.0 Count 10
video_3_1_2_1_T Mean 17821.4 P50 16851.0 P95 21323.0 Count 10
video_3_1_1_1_T Mean 16798.8 P50 17461.0 P95 20666.0 Count 10
video_3_1_3_1_S Mean 18319.4 P50 17468.0 P95 24230.0 Count 10
video_3_1_0_2_T Mean 18705.9 P50 18118.0 P95 24071.0 Count 10
video_3_1_3_1_T Mean 17861.7 P50 18210.0 P95 22035.0 Count 10
video_3_1_0_2_S Mean 19259.5 P50 18314.0 P95 26331.0 Count 10
video_3_1_2_2_T Mean 20829.5 P50 18380.0 P95 26524.0 Count 10
video_3_1_2_0_T Mean 21068.33 P50 18413.0 P95 40103.0 Count 9
video_3_1_3_2_F Mean 23298.0 P50 18460.0 P95 28137.0 Count 2
video_3_1_3_0_T Mean 19333.2 P50 18510.0 P95 23400.0 Count 10
video_3_1_2_2_S Mean 20642.9 P50 18825.0 P95 27648.0 Count 10
video_3_1_3_2_S Mean 21279.7 P50 19199.0 P95 27962.0 Count 10
video_3_1_2_1_S Mean 20169.7 P50 19318.0 P95 24509.0 Count 10
video_3_1_3_2_T Mean 20569.4 P50 19456.0 P95 28945.0 Count 10
video_3_1_2_2_F Mean 21955.7 P50 19689.0 P95 30855.0 Count 10
video_3_1_1_0_T Mean 18642.22 P50 19766.0 P95 21795.0 Count 9
video_3_1_0_1_S Mean 20246.0 P50 19776.0 P95 23463.0 Count 10
video_3_1_1_1_F Mean 19861.5 P50 19914.0 P95 22389.0 Count 10
video_3_1_3_1_F Mean 20648.8 P50 20023.0 P95 23967.0 Count 10
video_3_1_1_2_S Mean 21107.3 P50 20063.0 P95 28425.0 Count 10
video_3_1_0_2_F Mean 20475.5 P50 20085.0 P95 24793.0 Count 10
video_3_1_1_0_S Mean 20415.7 P50 20143.0 P95 23902.0 Count 10
video_3_1_1_2_F Mean 20668.8 P50 20168.0 P95 26318.0 Count 10
video_3_1_0_0_F Mean 20734.8 P50 20216.0 P95 23226.0 Count 10
video_3_1_0_1_F Mean 20729.0 P50 20322.0 P95 24004.0 Count 10
video_3_1_1_0_F Mean 20872.8 P50 20626.0 P95 22490.0 Count 10
video_3_1_2_0_S Mean 20797.4 P50 20705.0 P95 22181.0 Count 10
video_3_1_2_1_F Mean 21037.4 P50 21054.0 P95 23923.0 Count 10
video_3_1_0_0_S Mean 22311.0 P50 21095.0 P95 33171.0 Count 10
video_3_1_1_2_T Mean 20861.2 P50 21105.0 P95 24734.0 Count 10
video_3_1_3_0_S Mean 22149.3 P50 21600.0 P95 24932.0 Count 10
video_3_1_1_1_S Mean 21414.2 P50 21896.0 P95 26703.0 Count 10
video_3_1_2_0_F Mean 22424.1 P50 22184.0 P95 25616.0 Count 10
video_3_1_3_0_F Mean 23428.2 P50 23369.0 P95 26756.0 Count 10
Sort by P95:
video_3_1_0_1_T Mean 16216.7 P50 16661.0 P95 19658.0 Count 10
video_3_1_1_1_T Mean 16798.8 P50 17461.0 P95 20666.0 Count 10
video_3_1_2_1_T Mean 17821.4 P50 16851.0 P95 21323.0 Count 10
video_3_1_1_0_T Mean 18642.22 P50 19766.0 P95 21795.0 Count 9
video_3_1_3_1_T Mean 17861.7 P50 18210.0 P95 22035.0 Count 10
video_3_1_2_0_S Mean 20797.4 P50 20705.0 P95 22181.0 Count 10
video_3_1_1_1_F Mean 19861.5 P50 19914.0 P95 22389.0 Count 10
video_3_1_1_0_F Mean 20872.8 P50 20626.0 P95 22490.0 Count 10
video_3_1_0_0_F Mean 20734.8 P50 20216.0 P95 23226.0 Count 10
video_3_1_3_0_T Mean 19333.2 P50 18510.0 P95 23400.0 Count 10
video_3_1_0_1_S Mean 20246.0 P50 19776.0 P95 23463.0 Count 10
video_3_1_1_0_S Mean 20415.7 P50 20143.0 P95 23902.0 Count 10
video_3_1_2_1_F Mean 21037.4 P50 21054.0 P95 23923.0 Count 10
video_3_1_3_1_F Mean 20648.8 P50 20023.0 P95 23967.0 Count 10
video_3_1_0_1_F Mean 20729.0 P50 20322.0 P95 24004.0 Count 10
video_3_1_0_2_T Mean 18705.9 P50 18118.0 P95 24071.0 Count 10
video_3_1_3_1_S Mean 18319.4 P50 17468.0 P95 24230.0 Count 10
video_3_1_2_1_S Mean 20169.7 P50 19318.0 P95 24509.0 Count 10
video_3_1_1_2_T Mean 20861.2 P50 21105.0 P95 24734.0 Count 10
video_3_1_0_2_F Mean 20475.5 P50 20085.0 P95 24793.0 Count 10
video_3_1_3_0_S Mean 22149.3 P50 21600.0 P95 24932.0 Count 10
video_3_1_2_0_F Mean 22424.1 P50 22184.0 P95 25616.0 Count 10
video_3_1_1_2_F Mean 20668.8 P50 20168.0 P95 26318.0 Count 10
video_3_1_0_2_S Mean 19259.5 P50 18314.0 P95 26331.0 Count 10
video_3_1_2_2_T Mean 20829.5 P50 18380.0 P95 26524.0 Count 10
video_3_1_1_1_S Mean 21414.2 P50 21896.0 P95 26703.0 Count 10
video_3_1_3_0_F Mean 23428.2 P50 23369.0 P95 26756.0 Count 10
video_3_1_2_2_S Mean 20642.9 P50 18825.0 P95 27648.0 Count 10
video_3_1_3_2_S Mean 21279.7 P50 19199.0 P95 27962.0 Count 10
video_3_1_3_2_F Mean 23298.0 P50 18460.0 P95 28137.0 Count 2
video_3_1_1_2_S Mean 21107.3 P50 20063.0 P95 28425.0 Count 10
video_3_1_3_2_T Mean 20569.4 P50 19456.0 P95 28945.0 Count 10
video_3_1_2_2_F Mean 21955.7 P50 19689.0 P95 30855.0 Count 10
video_3_1_0_0_S Mean 22311.0 P50 21095.0 P95 33171.0 Count 10
video_3_1_0_0_T Mean 20180.0 P50 16650.0 P95 38794.0 Count 10
video_3_1_2_0_T Mean 21068.33 P50 18413.0 P95 40103.0 Count 9
