Sort by Mean:
ml_1_1_3_0_S Mean 45902.8 P50 48335.0 P95 57998.0 Count 15
ml_1_1_3_0_F Mean 48700.55 P50 39481.0 P95 86632.0 Count 20
ml_1_1_3_0_T Mean 52109.3 P50 49593.0 P95 63431.0 Count 10
Sort by P50:
ml_1_1_3_0_F Mean 48700.55 P50 39481.0 P95 86632.0 Count 20
ml_1_1_3_0_S Mean 45902.8 P50 48335.0 P95 57998.0 Count 15
ml_1_1_3_0_T Mean 52109.3 P50 49593.0 P95 63431.0 Count 10
Sort by P95:
ml_1_1_3_0_S Mean 45902.8 P50 48335.0 P95 57998.0 Count 15
ml_1_1_3_0_T Mean 52109.3 P50 49593.0 P95 63431.0 Count 10
ml_1_1_3_0_F Mean 48700.55 P50 39481.0 P95 86632.0 Count 20
