Sort by Mean:
video_3_1_3_1_T Mean 16783.7 P50 16762.0 P95 21340.0 Count 10
video_3_1_2_1_T Mean 16997.5 P50 16082.0 P95 20946.0 Count 10
video_3_1_1_2_T Mean 17011.8 P50 17324.0 P95 19049.0 Count 10
video_3_1_1_1_T Mean 17521.6 P50 15871.0 P95 22736.0 Count 10
video_3_1_2_2_T Mean 17834.5 P50 17605.0 P95 21249.0 Count 10
video_3_1_0_1_T Mean 17957.7 P50 16593.0 P95 21878.0 Count 10
video_3_1_1_1_S Mean 18192.7 P50 16911.0 P95 21914.0 Count 10
video_3_1_0_2_T Mean 18267.1 P50 17482.0 P95 25104.0 Count 10
video_3_1_3_2_T Mean 18297.4 P50 17999.0 P95 21636.0 Count 10
video_3_1_3_1_S Mean 18405.5 P50 18429.0 P95 21348.0 Count 10
video_3_1_1_0_S Mean 19454.5 P50 19579.0 P95 20502.0 Count 10
video_3_1_3_2_S Mean 19861.3 P50 19586.0 P95 22001.0 Count 10
video_3_1_0_0_S Mean 20018.11 P50 19905.0 P95 22742.0 Count 9
video_3_1_2_0_S Mean 20711.0 P50 20712.0 P95 20712.0 Count 1
video_3_1_0_2_F Mean 20775.0 P50 20204.0 P95 22040.0 Count 10
video_3_1_2_2_S Mean 20992.7 P50 20055.0 P95 28556.0 Count 10
video_3_1_2_2_F Mean 21351.0 P50 21352.0 P95 21352.0 Count 1
video_3_1_0_2_S Mean 21438.0 P50 20933.0 P95 25949.0 Count 8
video_3_1_1_2_S Mean 21631.0 P50 21632.0 P95 21632.0 Count 1
video_3_1_2_1_S Mean 21786.0 P50 21787.0 P95 21787.0 Count 1
video_3_1_0_0_T Mean 21806.0 P50 21807.0 P95 21807.0 Count 1
video_3_1_3_2_F Mean 22141.0 P50 22142.0 P95 22142.0 Count 1
video_3_1_1_2_F Mean 22192.0 P50 22193.0 P95 22193.0 Count 1
video_3_1_1_0_T Mean 22350.0 P50 22351.0 P95 22351.0 Count 1
video_3_1_0_0_F Mean 22440.0 P50 22441.0 P95 22441.0 Count 1
video_3_1_3_1_F Mean 22580.7 P50 22573.0 P95 26296.0 Count 10
video_3_1_2_1_F Mean 22894.0 P50 22895.0 P95 22895.0 Count 1
video_3_1_3_0_F Mean 22919.0 P50 22920.0 P95 22920.0 Count 1
video_3_1_0_1_S Mean 23093.0 P50 23094.0 P95 23094.0 Count 1
video_3_1_1_0_F Mean 23431.0 P50 23432.0 P95 23432.0 Count 1
video_3_1_1_1_F Mean 23768.0 P50 23769.0 P95 23769.0 Count 1
video_3_1_2_0_T Mean 24318.0 P50 24319.0 P95 24319.0 Count 1
video_3_1_0_1_F Mean 24738.0 P50 24739.0 P95 24739.0 Count 1
video_3_1_3_0_S Mean 26636.0 P50 26637.0 P95 26637.0 Count 1
Sort by P50:
video_3_1_1_1_T Mean 17521.6 P50 15871.0 P95 22736.0 Count 10
video_3_1_2_1_T Mean 16997.5 P50 16082.0 P95 20946.0 Count 10
video_3_1_0_1_T Mean 17957.7 P50 16593.0 P95 21878.0 Count 10
video_3_1_3_1_T Mean 16783.7 P50 16762.0 P95 21340.0 Count 10
video_3_1_1_1_S Mean 18192.7 P50 16911.0 P95 21914.0 Count 10
video_3_1_1_2_T Mean 17011.8 P50 17324.0 P95 19049.0 Count 10
video_3_1_0_2_T Mean 18267.1 P50 17482.0 P95 25104.0 Count 10
video_3_1_2_2_T Mean 17834.5 P50 17605.0 P95 21249.0 Count 10
video_3_1_3_2_T Mean 18297.4 P50 17999.0 P95 21636.0 Count 10
video_3_1_3_1_S Mean 18405.5 P50 18429.0 P95 21348.0 Count 10
video_3_1_1_0_S Mean 19454.5 P50 19579.0 P95 20502.0 Count 10
video_3_1_3_2_S Mean 19861.3 P50 19586.0 P95 22001.0 Count 10
video_3_1_0_0_S Mean 20018.11 P50 19905.0 P95 22742.0 Count 9
video_3_1_2_2_S Mean 20992.7 P50 20055.0 P95 28556.0 Count 10
video_3_1_0_2_F Mean 20775.0 P50 20204.0 P95 22040.0 Count 10
video_3_1_2_0_S Mean 20711.0 P50 20712.0 P95 20712.0 Count 1
video_3_1_0_2_S Mean 21438.0 P50 20933.0 P95 25949.0 Count 8
video_3_1_2_2_F Mean 21351.0 P50 21352.0 P95 21352.0 Count 1
video_3_1_1_2_S Mean 21631.0 P50 21632.0 P95 21632.0 Count 1
video_3_1_2_1_S Mean 21786.0 P50 21787.0 P95 21787.0 Count 1
video_3_1_0_0_T Mean 21806.0 P50 21807.0 P95 21807.0 Count 1
video_3_1_3_2_F Mean 22141.0 P50 22142.0 P95 22142.0 Count 1
video_3_1_1_2_F Mean 22192.0 P50 22193.0 P95 22193.0 Count 1
video_3_1_1_0_T Mean 22350.0 P50 22351.0 P95 22351.0 Count 1
video_3_1_0_0_F Mean 22440.0 P50 22441.0 P95 22441.0 Count 1
video_3_1_3_1_F Mean 22580.7 P50 22573.0 P95 26296.0 Count 10
video_3_1_2_1_F Mean 22894.0 P50 22895.0 P95 22895.0 Count 1
video_3_1_3_0_F Mean 22919.0 P50 22920.0 P95 22920.0 Count 1
video_3_1_0_1_S Mean 23093.0 P50 23094.0 P95 23094.0 Count 1
video_3_1_1_0_F Mean 23431.0 P50 23432.0 P95 23432.0 Count 1
video_3_1_1_1_F Mean 23768.0 P50 23769.0 P95 23769.0 Count 1
video_3_1_2_0_T Mean 24318.0 P50 24319.0 P95 24319.0 Count 1
video_3_1_0_1_F Mean 24738.0 P50 24739.0 P95 24739.0 Count 1
video_3_1_3_0_S Mean 26636.0 P50 26637.0 P95 26637.0 Count 1
Sort by P95:
video_3_1_1_2_T Mean 17011.8 P50 17324.0 P95 19049.0 Count 10
video_3_1_1_0_S Mean 19454.5 P50 19579.0 P95 20502.0 Count 10
video_3_1_2_0_S Mean 20711.0 P50 20712.0 P95 20712.0 Count 1
video_3_1_2_1_T Mean 16997.5 P50 16082.0 P95 20946.0 Count 10
video_3_1_2_2_T Mean 17834.5 P50 17605.0 P95 21249.0 Count 10
video_3_1_3_1_T Mean 16783.7 P50 16762.0 P95 21340.0 Count 10
video_3_1_3_1_S Mean 18405.5 P50 18429.0 P95 21348.0 Count 10
video_3_1_2_2_F Mean 21351.0 P50 21352.0 P95 21352.0 Count 1
video_3_1_1_2_S Mean 21631.0 P50 21632.0 P95 21632.0 Count 1
video_3_1_3_2_T Mean 18297.4 P50 17999.0 P95 21636.0 Count 10
video_3_1_2_1_S Mean 21786.0 P50 21787.0 P95 21787.0 Count 1
video_3_1_0_0_T Mean 21806.0 P50 21807.0 P95 21807.0 Count 1
video_3_1_0_1_T Mean 17957.7 P50 16593.0 P95 21878.0 Count 10
video_3_1_1_1_S Mean 18192.7 P50 16911.0 P95 21914.0 Count 10
video_3_1_3_2_S Mean 19861.3 P50 19586.0 P95 22001.0 Count 10
video_3_1_0_2_F Mean 20775.0 P50 20204.0 P95 22040.0 Count 10
video_3_1_3_2_F Mean 22141.0 P50 22142.0 P95 22142.0 Count 1
video_3_1_1_2_F Mean 22192.0 P50 22193.0 P95 22193.0 Count 1
video_3_1_1_0_T Mean 22350.0 P50 22351.0 P95 22351.0 Count 1
video_3_1_0_0_F Mean 22440.0 P50 22441.0 P95 22441.0 Count 1
video_3_1_1_1_T Mean 17521.6 P50 15871.0 P95 22736.0 Count 10
video_3_1_0_0_S Mean 20018.11 P50 19905.0 P95 22742.0 Count 9
video_3_1_2_1_F Mean 22894.0 P50 22895.0 P95 22895.0 Count 1
video_3_1_3_0_F Mean 22919.0 P50 22920.0 P95 22920.0 Count 1
video_3_1_0_1_S Mean 23093.0 P50 23094.0 P95 23094.0 Count 1
video_3_1_1_0_F Mean 23431.0 P50 23432.0 P95 23432.0 Count 1
video_3_1_1_1_F Mean 23768.0 P50 23769.0 P95 23769.0 Count 1
video_3_1_2_0_T Mean 24318.0 P50 24319.0 P95 24319.0 Count 1
video_3_1_0_1_F Mean 24738.0 P50 24739.0 P95 24739.0 Count 1
video_3_1_0_2_T Mean 18267.1 P50 17482.0 P95 25104.0 Count 10
video_3_1_0_2_S Mean 21438.0 P50 20933.0 P95 25949.0 Count 8
video_3_1_3_1_F Mean 22580.7 P50 22573.0 P95 26296.0 Count 10
video_3_1_3_0_S Mean 26636.0 P50 26637.0 P95 26637.0 Count 1
video_3_1_2_2_S Mean 20992.7 P50 20055.0 P95 28556.0 Count 10
