Sort by Mean:
video_3_1_3_1_F Mean 34356.7 P50 33966.0 P95 38088.0 Count 70
video_3_1_1_1_F Mean 34693.67 P50 34086.0 P95 38432.0 Count 70
video_3_1_2_1_F Mean 35030.39 P50 33777.0 P95 42992.0 Count 70
video_3_1_6_2_F Mean 35346.14 P50 35223.0 P95 38835.0 Count 70
video_3_1_5_2_F Mean 35399.2 P50 35394.0 P95 38194.0 Count 60
video_3_1_0_1_F Mean 35471.06 P50 34462.0 P95 43139.0 Count 70
video_3_1_5_3_F Mean 35578.66 P50 34895.0 P95 38841.0 Count 70
video_3_1_4_1_F Mean 35684.56 P50 34796.0 P95 41381.0 Count 70
video_3_1_5_1_F Mean 35709.74 P50 35086.0 P95 40822.0 Count 70
video_3_1_3_2_F Mean 35782.12 P50 35606.0 P95 39757.0 Count 60
video_3_1_0_0_F Mean 35848.41 P50 35092.0 P95 39295.0 Count 70
video_3_1_2_0_F Mean 35926.08 P50 35601.0 P95 39372.0 Count 60
video_3_1_2_2_F Mean 36165.22 P50 35839.0 P95 39464.0 Count 60
video_3_1_3_3_F Mean 36301.86 P50 34895.0 P95 50466.0 Count 70
video_3_1_4_2_F Mean 36546.52 P50 36202.0 P95 39783.0 Count 60
video_3_1_0_2_F Mean 36687.93 P50 35405.0 P95 39510.0 Count 60
video_3_1_0_3_F Mean 36937.76 P50 35098.0 P95 50698.0 Count 70
video_3_1_3_0_F Mean 36990.4 P50 35680.0 P95 45421.0 Count 60
video_3_1_2_3_F Mean 37154.61 P50 34850.0 P95 47849.0 Count 70
video_3_1_6_1_F Mean 37192.74 P50 35770.0 P95 44860.0 Count 68
video_3_1_6_3_F Mean 37344.21 P50 35078.0 P95 51206.0 Count 70
video_3_1_1_0_F Mean 38926.81 P50 35112.0 P95 43130.0 Count 187
video_3_1_4_0_F Mean 39558.25 P50 39179.0 P95 44355.0 Count 60
video_3_1_1_3_F Mean 40512.4 P50 34847.0 P95 49810.0 Count 70
video_3_1_4_3_F Mean 42008.87 P50 35019.0 P95 55577.0 Count 70
video_3_1_5_0_F Mean 43256.43 P50 43452.0 P95 48435.0 Count 60
video_3_1_6_0_F Mean 46382.67 P50 46589.0 P95 52055.0 Count 60
video_3_1_1_2_F Mean 51098.85 P50 36181.0 P95 41533.0 Count 60
Sort by P50:
video_3_1_2_1_F Mean 35030.39 P50 33777.0 P95 42992.0 Count 70
video_3_1_3_1_F Mean 34356.7 P50 33966.0 P95 38088.0 Count 70
video_3_1_1_1_F Mean 34693.67 P50 34086.0 P95 38432.0 Count 70
video_3_1_0_1_F Mean 35471.06 P50 34462.0 P95 43139.0 Count 70
video_3_1_4_1_F Mean 35684.56 P50 34796.0 P95 41381.0 Count 70
video_3_1_1_3_F Mean 40512.4 P50 34847.0 P95 49810.0 Count 70
video_3_1_2_3_F Mean 37154.61 P50 34850.0 P95 47849.0 Count 70
video_3_1_3_3_F Mean 36301.86 P50 34895.0 P95 50466.0 Count 70
video_3_1_5_3_F Mean 35578.66 P50 34895.0 P95 38841.0 Count 70
video_3_1_4_3_F Mean 42008.87 P50 35019.0 P95 55577.0 Count 70
video_3_1_6_3_F Mean 37344.21 P50 35078.0 P95 51206.0 Count 70
video_3_1_5_1_F Mean 35709.74 P50 35086.0 P95 40822.0 Count 70
video_3_1_0_0_F Mean 35848.41 P50 35092.0 P95 39295.0 Count 70
video_3_1_0_3_F Mean 36937.76 P50 35098.0 P95 50698.0 Count 70
video_3_1_1_0_F Mean 38926.81 P50 35112.0 P95 43130.0 Count 187
video_3_1_6_2_F Mean 35346.14 P50 35223.0 P95 38835.0 Count 70
video_3_1_5_2_F Mean 35399.2 P50 35394.0 P95 38194.0 Count 60
video_3_1_0_2_F Mean 36687.93 P50 35405.0 P95 39510.0 Count 60
video_3_1_2_0_F Mean 35926.08 P50 35601.0 P95 39372.0 Count 60
video_3_1_3_2_F Mean 35782.12 P50 35606.0 P95 39757.0 Count 60
video_3_1_3_0_F Mean 36990.4 P50 35680.0 P95 45421.0 Count 60
video_3_1_6_1_F Mean 37192.74 P50 35770.0 P95 44860.0 Count 68
video_3_1_2_2_F Mean 36165.22 P50 35839.0 P95 39464.0 Count 60
video_3_1_1_2_F Mean 51098.85 P50 36181.0 P95 41533.0 Count 60
video_3_1_4_2_F Mean 36546.52 P50 36202.0 P95 39783.0 Count 60
video_3_1_4_0_F Mean 39558.25 P50 39179.0 P95 44355.0 Count 60
video_3_1_5_0_F Mean 43256.43 P50 43452.0 P95 48435.0 Count 60
video_3_1_6_0_F Mean 46382.67 P50 46589.0 P95 52055.0 Count 60
Sort by P95:
video_3_1_3_1_F Mean 34356.7 P50 33966.0 P95 38088.0 Count 70
video_3_1_5_2_F Mean 35399.2 P50 35394.0 P95 38194.0 Count 60
video_3_1_1_1_F Mean 34693.67 P50 34086.0 P95 38432.0 Count 70
video_3_1_6_2_F Mean 35346.14 P50 35223.0 P95 38835.0 Count 70
video_3_1_5_3_F Mean 35578.66 P50 34895.0 P95 38841.0 Count 70
video_3_1_0_0_F Mean 35848.41 P50 35092.0 P95 39295.0 Count 70
video_3_1_2_0_F Mean 35926.08 P50 35601.0 P95 39372.0 Count 60
video_3_1_2_2_F Mean 36165.22 P50 35839.0 P95 39464.0 Count 60
video_3_1_0_2_F Mean 36687.93 P50 35405.0 P95 39510.0 Count 60
video_3_1_3_2_F Mean 35782.12 P50 35606.0 P95 39757.0 Count 60
video_3_1_4_2_F Mean 36546.52 P50 36202.0 P95 39783.0 Count 60
video_3_1_5_1_F Mean 35709.74 P50 35086.0 P95 40822.0 Count 70
video_3_1_4_1_F Mean 35684.56 P50 34796.0 P95 41381.0 Count 70
video_3_1_1_2_F Mean 51098.85 P50 36181.0 P95 41533.0 Count 60
video_3_1_2_1_F Mean 35030.39 P50 33777.0 P95 42992.0 Count 70
video_3_1_1_0_F Mean 38926.81 P50 35112.0 P95 43130.0 Count 187
video_3_1_0_1_F Mean 35471.06 P50 34462.0 P95 43139.0 Count 70
video_3_1_4_0_F Mean 39558.25 P50 39179.0 P95 44355.0 Count 60
video_3_1_6_1_F Mean 37192.74 P50 35770.0 P95 44860.0 Count 68
video_3_1_3_0_F Mean 36990.4 P50 35680.0 P95 45421.0 Count 60
video_3_1_2_3_F Mean 37154.61 P50 34850.0 P95 47849.0 Count 70
video_3_1_5_0_F Mean 43256.43 P50 43452.0 P95 48435.0 Count 60
video_3_1_1_3_F Mean 40512.4 P50 34847.0 P95 49810.0 Count 70
video_3_1_3_3_F Mean 36301.86 P50 34895.0 P95 50466.0 Count 70
video_3_1_0_3_F Mean 36937.76 P50 35098.0 P95 50698.0 Count 70
video_3_1_6_3_F Mean 37344.21 P50 35078.0 P95 51206.0 Count 70
video_3_1_6_0_F Mean 46382.67 P50 46589.0 P95 52055.0 Count 60
video_3_1_4_3_F Mean 42008.87 P50 35019.0 P95 55577.0 Count 70
