Sort by Mean:
ml_2_1_3_0_F Mean 42386.2 P50 42877.0 P95 48005.0 Count 10
ml_2_1_2_0_T Mean 43651.8 P50 41928.0 P95 55048.0 Count 10
ml_2_1_0_0_T Mean 46972.22 P50 48608.0 P95 58691.0 Count 9
ml_2_1_0_1_F Mean 48136.0 P50 48137.0 P95 48137.0 Count 1
ml_2_1_1_1_T Mean 48155.0 P50 48156.0 P95 48156.0 Count 1
ml_2_1_3_1_F Mean 48255.0 P50 48256.0 P95 48256.0 Count 1
ml_2_1_2_1_F Mean 48280.0 P50 48281.0 P95 48281.0 Count 1
ml_2_1_1_1_F Mean 48810.0 P50 48811.0 P95 48811.0 Count 1
ml_2_1_3_1_T Mean 48886.0 P50 48887.0 P95 48887.0 Count 1
ml_2_1_2_0_F Mean 49138.0 P50 49139.0 P95 49139.0 Count 1
ml_2_1_2_1_T Mean 49300.0 P50 49301.0 P95 49301.0 Count 1
ml_2_1_0_1_T Mean 49917.0 P50 49918.0 P95 49918.0 Count 1
ml_2_1_1_0_T Mean 50972.8 P50 44528.0 P95 71808.0 Count 10
ml_2_1_1_0_F Mean 52808.0 P50 52809.0 P95 52809.0 Count 1
ml_2_1_3_0_T Mean 63692.0 P50 63693.0 P95 63693.0 Count 1
ml_2_1_0_0_F Mean 76277.0 P50 76278.0 P95 76278.0 Count 1
Sort by P50:
ml_2_1_2_0_T Mean 43651.8 P50 41928.0 P95 55048.0 Count 10
ml_2_1_3_0_F Mean 42386.2 P50 42877.0 P95 48005.0 Count 10
ml_2_1_1_0_T Mean 50972.8 P50 44528.0 P95 71808.0 Count 10
ml_2_1_0_1_F Mean 48136.0 P50 48137.0 P95 48137.0 Count 1
ml_2_1_1_1_T Mean 48155.0 P50 48156.0 P95 48156.0 Count 1
ml_2_1_3_1_F Mean 48255.0 P50 48256.0 P95 48256.0 Count 1
ml_2_1_2_1_F Mean 48280.0 P50 48281.0 P95 48281.0 Count 1
ml_2_1_0_0_T Mean 46972.22 P50 48608.0 P95 58691.0 Count 9
ml_2_1_1_1_F Mean 48810.0 P50 48811.0 P95 48811.0 Count 1
ml_2_1_3_1_T Mean 48886.0 P50 48887.0 P95 48887.0 Count 1
ml_2_1_2_0_F Mean 49138.0 P50 49139.0 P95 49139.0 Count 1
ml_2_1_2_1_T Mean 49300.0 P50 49301.0 P95 49301.0 Count 1
ml_2_1_0_1_T Mean 49917.0 P50 49918.0 P95 49918.0 Count 1
ml_2_1_1_0_F Mean 52808.0 P50 52809.0 P95 52809.0 Count 1
ml_2_1_3_0_T Mean 63692.0 P50 63693.0 P95 63693.0 Count 1
ml_2_1_0_0_F Mean 76277.0 P50 76278.0 P95 76278.0 Count 1
Sort by P95:
ml_2_1_3_0_F Mean 42386.2 P50 42877.0 P95 48005.0 Count 10
ml_2_1_0_1_F Mean 48136.0 P50 48137.0 P95 48137.0 Count 1
ml_2_1_1_1_T Mean 48155.0 P50 48156.0 P95 48156.0 Count 1
ml_2_1_3_1_F Mean 48255.0 P50 48256.0 P95 48256.0 Count 1
ml_2_1_2_1_F Mean 48280.0 P50 48281.0 P95 48281.0 Count 1
ml_2_1_1_1_F Mean 48810.0 P50 48811.0 P95 48811.0 Count 1
ml_2_1_3_1_T Mean 48886.0 P50 48887.0 P95 48887.0 Count 1
ml_2_1_2_0_F Mean 49138.0 P50 49139.0 P95 49139.0 Count 1
ml_2_1_2_1_T Mean 49300.0 P50 49301.0 P95 49301.0 Count 1
ml_2_1_0_1_T Mean 49917.0 P50 49918.0 P95 49918.0 Count 1
ml_2_1_1_0_F Mean 52808.0 P50 52809.0 P95 52809.0 Count 1
ml_2_1_2_0_T Mean 43651.8 P50 41928.0 P95 55048.0 Count 10
ml_2_1_0_0_T Mean 46972.22 P50 48608.0 P95 58691.0 Count 9
ml_2_1_3_0_T Mean 63692.0 P50 63693.0 P95 63693.0 Count 1
ml_2_1_1_0_T Mean 50972.8 P50 44528.0 P95 71808.0 Count 10
ml_2_1_0_0_F Mean 76277.0 P50 76278.0 P95 76278.0 Count 1
