Sort by Mean:
video_3_1_0_1_T Mean 16216.7 P50 16661.0 P95 19658.0 Count 10
video_3_1_1_1_T Mean 16798.8 P50 17461.0 P95 20666.0 Count 10
video_3_1_3_1_T Mean 17814.78 P50 18210.0 P95 22035.0 Count 9
video_3_1_2_1_T Mean 18101.38 P50 17475.0 P95 21323.0 Count 8
video_3_1_3_1_S Mean 18319.4 P50 17468.0 P95 24230.0 Count 10
video_3_1_0_2_T Mean 18705.9 P50 18118.0 P95 24071.0 Count 10
video_3_1_3_0_T Mean 19030.75 P50 18510.0 P95 21119.0 Count 8
video_3_1_0_2_S Mean 19259.5 P50 18314.0 P95 26331.0 Count 10
video_3_1_0_1_S Mean 19776.0 P50 19777.0 P95 19777.0 Count 1
video_3_1_1_2_F Mean 19997.0 P50 19713.0 P95 20282.0 Count 2
video_3_1_1_2_S Mean 20034.0 P50 20035.0 P95 20035.0 Count 1
video_3_1_3_2_T Mean 20049.0 P50 20050.0 P95 20050.0 Count 1
video_3_1_0_2_F Mean 20085.0 P50 20086.0 P95 20086.0 Count 1
video_3_1_0_0_F Mean 20216.0 P50 20217.0 P95 20217.0 Count 1
video_3_1_1_0_F Mean 20239.0 P50 20240.0 P95 20240.0 Count 1
video_3_1_1_0_S Mean 20415.7 P50 20143.0 P95 23902.0 Count 10
video_3_1_1_1_F Mean 20590.0 P50 20591.0 P95 20591.0 Count 1
video_3_1_2_2_S Mean 20642.9 P50 18825.0 P95 27648.0 Count 10
video_3_1_3_1_F Mean 20648.8 P50 20023.0 P95 23967.0 Count 10
video_3_1_0_1_F Mean 20729.0 P50 20322.0 P95 24004.0 Count 10
video_3_1_2_2_T Mean 20829.5 P50 18380.0 P95 26524.0 Count 10
video_3_1_1_2_T Mean 20861.2 P50 21105.0 P95 24734.0 Count 10
video_3_1_2_1_S Mean 21038.0 P50 21039.0 P95 21039.0 Count 1
video_3_1_2_1_F Mean 21207.0 P50 21208.0 P95 21208.0 Count 1
video_3_1_2_0_S Mean 21338.0 P50 21339.0 P95 21339.0 Count 1
video_3_1_2_2_F Mean 21955.7 P50 19689.0 P95 30855.0 Count 10
video_3_1_1_1_S Mean 22016.0 P50 22017.0 P95 22017.0 Count 1
video_3_1_2_0_F Mean 22611.0 P50 22612.0 P95 22612.0 Count 1
video_3_1_3_0_F Mean 23698.0 P50 23699.0 P95 23699.0 Count 1
video_3_1_3_0_S Mean 23900.0 P50 23901.0 P95 23901.0 Count 1
video_3_1_0_0_T Mean 26988.0 P50 26989.0 P95 26989.0 Count 1
video_3_1_3_2_S Mean 27962.0 P50 27963.0 P95 27963.0 Count 1
video_3_1_3_2_F Mean 28137.0 P50 28138.0 P95 28138.0 Count 1
Sort by P50:
video_3_1_0_1_T Mean 16216.7 P50 16661.0 P95 19658.0 Count 10
video_3_1_1_1_T Mean 16798.8 P50 17461.0 P95 20666.0 Count 10
video_3_1_3_1_S Mean 18319.4 P50 17468.0 P95 24230.0 Count 10
video_3_1_2_1_T Mean 18101.38 P50 17475.0 P95 21323.0 Count 8
video_3_1_0_2_T Mean 18705.9 P50 18118.0 P95 24071.0 Count 10
video_3_1_3_1_T Mean 17814.78 P50 18210.0 P95 22035.0 Count 9
video_3_1_0_2_S Mean 19259.5 P50 18314.0 P95 26331.0 Count 10
video_3_1_2_2_T Mean 20829.5 P50 18380.0 P95 26524.0 Count 10
video_3_1_3_0_T Mean 19030.75 P50 18510.0 P95 21119.0 Count 8
video_3_1_2_2_S Mean 20642.9 P50 18825.0 P95 27648.0 Count 10
video_3_1_2_2_F Mean 21955.7 P50 19689.0 P95 30855.0 Count 10
video_3_1_1_2_F Mean 19997.0 P50 19713.0 P95 20282.0 Count 2
video_3_1_0_1_S Mean 19776.0 P50 19777.0 P95 19777.0 Count 1
video_3_1_3_1_F Mean 20648.8 P50 20023.0 P95 23967.0 Count 10
video_3_1_1_2_S Mean 20034.0 P50 20035.0 P95 20035.0 Count 1
video_3_1_3_2_T Mean 20049.0 P50 20050.0 P95 20050.0 Count 1
video_3_1_0_2_F Mean 20085.0 P50 20086.0 P95 20086.0 Count 1
video_3_1_1_0_S Mean 20415.7 P50 20143.0 P95 23902.0 Count 10
video_3_1_0_0_F Mean 20216.0 P50 20217.0 P95 20217.0 Count 1
video_3_1_1_0_F Mean 20239.0 P50 20240.0 P95 20240.0 Count 1
video_3_1_0_1_F Mean 20729.0 P50 20322.0 P95 24004.0 Count 10
video_3_1_1_1_F Mean 20590.0 P50 20591.0 P95 20591.0 Count 1
video_3_1_2_1_S Mean 21038.0 P50 21039.0 P95 21039.0 Count 1
video_3_1_1_2_T Mean 20861.2 P50 21105.0 P95 24734.0 Count 10
video_3_1_2_1_F Mean 21207.0 P50 21208.0 P95 21208.0 Count 1
video_3_1_2_0_S Mean 21338.0 P50 21339.0 P95 21339.0 Count 1
video_3_1_1_1_S Mean 22016.0 P50 22017.0 P95 22017.0 Count 1
video_3_1_2_0_F Mean 22611.0 P50 22612.0 P95 22612.0 Count 1
video_3_1_3_0_F Mean 23698.0 P50 23699.0 P95 23699.0 Count 1
video_3_1_3_0_S Mean 23900.0 P50 23901.0 P95 23901.0 Count 1
video_3_1_0_0_T Mean 26988.0 P50 26989.0 P95 26989.0 Count 1
video_3_1_3_2_S Mean 27962.0 P50 27963.0 P95 27963.0 Count 1
video_3_1_3_2_F Mean 28137.0 P50 28138.0 P95 28138.0 Count 1
Sort by P95:
video_3_1_0_1_T Mean 16216.7 P50 16661.0 P95 19658.0 Count 10
video_3_1_0_1_S Mean 19776.0 P50 19777.0 P95 19777.0 Count 1
video_3_1_1_2_S Mean 20034.0 P50 20035.0 P95 20035.0 Count 1
video_3_1_3_2_T Mean 20049.0 P50 20050.0 P95 20050.0 Count 1
video_3_1_0_2_F Mean 20085.0 P50 20086.0 P95 20086.0 Count 1
video_3_1_0_0_F Mean 20216.0 P50 20217.0 P95 20217.0 Count 1
video_3_1_1_0_F Mean 20239.0 P50 20240.0 P95 20240.0 Count 1
video_3_1_1_2_F Mean 19997.0 P50 19713.0 P95 20282.0 Count 2
video_3_1_1_1_F Mean 20590.0 P50 20591.0 P95 20591.0 Count 1
video_3_1_1_1_T Mean 16798.8 P50 17461.0 P95 20666.0 Count 10
video_3_1_2_1_S Mean 21038.0 P50 21039.0 P95 21039.0 Count 1
video_3_1_3_0_T Mean 19030.75 P50 18510.0 P95 21119.0 Count 8
video_3_1_2_1_F Mean 21207.0 P50 21208.0 P95 21208.0 Count 1
video_3_1_2_1_T Mean 18101.38 P50 17475.0 P95 21323.0 Count 8
video_3_1_2_0_S Mean 21338.0 P50 21339.0 P95 21339.0 Count 1
video_3_1_1_1_S Mean 22016.0 P50 22017.0 P95 22017.0 Count 1
video_3_1_3_1_T Mean 17814.78 P50 18210.0 P95 22035.0 Count 9
video_3_1_2_0_F Mean 22611.0 P50 22612.0 P95 22612.0 Count 1
video_3_1_3_0_F Mean 23698.0 P50 23699.0 P95 23699.0 Count 1
video_3_1_3_0_S Mean 23900.0 P50 23901.0 P95 23901.0 Count 1
video_3_1_1_0_S Mean 20415.7 P50 20143.0 P95 23902.0 Count 10
video_3_1_3_1_F Mean 20648.8 P50 20023.0 P95 23967.0 Count 10
video_3_1_0_1_F Mean 20729.0 P50 20322.0 P95 24004.0 Count 10
video_3_1_0_2_T Mean 18705.9 P50 18118.0 P95 24071.0 Count 10
video_3_1_3_1_S Mean 18319.4 P50 17468.0 P95 24230.0 Count 10
video_3_1_1_2_T Mean 20861.2 P50 21105.0 P95 24734.0 Count 10
video_3_1_0_2_S Mean 19259.5 P50 18314.0 P95 26331.0 Count 10
video_3_1_2_2_T Mean 20829.5 P50 18380.0 P95 26524.0 Count 10
video_3_1_0_0_T Mean 26988.0 P50 26989.0 P95 26989.0 Count 1
video_3_1_2_2_S Mean 20642.9 P50 18825.0 P95 27648.0 Count 10
video_3_1_3_2_S Mean 27962.0 P50 27963.0 P95 27963.0 Count 1
video_3_1_3_2_F Mean 28137.0 P50 28138.0 P95 28138.0 Count 1
video_3_1_2_2_F Mean 21955.7 P50 19689.0 P95 30855.0 Count 10
