Sort by Mean:
ml_1_1_0_0_F Mean 46961.5 P50 46707.0 P95 56280.0 Count 10
ml_1_1_0_2_T Mean 48522.8 P50 48419.0 P95 50115.0 Count 10
ml_1_1_0_1_T Mean 49699.4 P50 49265.0 P95 55063.0 Count 10
ml_1_1_3_2_T Mean 50464.17 P50 50252.0 P95 51612.0 Count 6
ml_1_1_2_1_T Mean 50703.3 P50 50060.0 P95 57757.0 Count 10
ml_1_1_0_1_F Mean 50911.6 P50 50040.0 P95 55577.0 Count 10
ml_1_1_0_0_T Mean 51271.7 P50 51745.0 P95 61942.0 Count 10
ml_1_1_2_0_F Mean 51592.6 P50 40625.0 P95 88138.0 Count 10
ml_1_1_3_1_T Mean 52183.2 P50 51291.0 P95 61853.0 Count 10
ml_1_1_2_2_T Mean 52419.8 P50 50609.0 P95 58419.0 Count 10
ml_1_1_3_2_F Mean 52523.0 P50 52524.0 P95 52524.0 Count 1
ml_1_1_1_1_F Mean 52849.1 P50 52307.0 P95 55137.0 Count 10
ml_1_1_1_2_F Mean 53252.0 P50 53253.0 P95 53253.0 Count 1
ml_1_1_2_1_F Mean 54494.9 P50 54058.0 P95 59898.0 Count 10
ml_1_1_3_1_F Mean 54606.5 P50 53850.0 P95 60975.0 Count 10
ml_1_1_1_2_T Mean 57174.0 P50 57175.0 P95 57175.0 Count 1
ml_1_1_2_2_F Mean 57396.0 P50 57397.0 P95 57397.0 Count 1
ml_1_1_1_1_T Mean 60684.5 P50 50450.0 P95 147282.0 Count 10
ml_1_1_0_2_F Mean 60793.0 P50 60794.0 P95 60794.0 Count 1
ml_1_1_3_0_F Mean 69458.8 P50 57045.0 P95 125236.0 Count 10
ml_1_1_1_0_F Mean 71835.8 P50 78516.0 P95 97337.0 Count 10
ml_1_1_3_0_T Mean 76557.0 P50 76927.0 P95 129849.0 Count 10
ml_1_1_2_0_T Mean 84361.7 P50 63830.0 P95 195318.0 Count 10
ml_1_1_1_0_T Mean 94776.8 P50 68745.0 P95 202157.0 Count 10
Sort by P50:
ml_1_1_2_0_F Mean 51592.6 P50 40625.0 P95 88138.0 Count 10
ml_1_1_0_0_F Mean 46961.5 P50 46707.0 P95 56280.0 Count 10
ml_1_1_0_2_T Mean 48522.8 P50 48419.0 P95 50115.0 Count 10
ml_1_1_0_1_T Mean 49699.4 P50 49265.0 P95 55063.0 Count 10
ml_1_1_0_1_F Mean 50911.6 P50 50040.0 P95 55577.0 Count 10
ml_1_1_2_1_T Mean 50703.3 P50 50060.0 P95 57757.0 Count 10
ml_1_1_3_2_T Mean 50464.17 P50 50252.0 P95 51612.0 Count 6
ml_1_1_1_1_T Mean 60684.5 P50 50450.0 P95 147282.0 Count 10
ml_1_1_2_2_T Mean 52419.8 P50 50609.0 P95 58419.0 Count 10
ml_1_1_3_1_T Mean 52183.2 P50 51291.0 P95 61853.0 Count 10
ml_1_1_0_0_T Mean 51271.7 P50 51745.0 P95 61942.0 Count 10
ml_1_1_1_1_F Mean 52849.1 P50 52307.0 P95 55137.0 Count 10
ml_1_1_3_2_F Mean 52523.0 P50 52524.0 P95 52524.0 Count 1
ml_1_1_1_2_F Mean 53252.0 P50 53253.0 P95 53253.0 Count 1
ml_1_1_3_1_F Mean 54606.5 P50 53850.0 P95 60975.0 Count 10
ml_1_1_2_1_F Mean 54494.9 P50 54058.0 P95 59898.0 Count 10
ml_1_1_3_0_F Mean 69458.8 P50 57045.0 P95 125236.0 Count 10
ml_1_1_1_2_T Mean 57174.0 P50 57175.0 P95 57175.0 Count 1
ml_1_1_2_2_F Mean 57396.0 P50 57397.0 P95 57397.0 Count 1
ml_1_1_0_2_F Mean 60793.0 P50 60794.0 P95 60794.0 Count 1
ml_1_1_2_0_T Mean 84361.7 P50 63830.0 P95 195318.0 Count 10
ml_1_1_1_0_T Mean 94776.8 P50 68745.0 P95 202157.0 Count 10
ml_1_1_3_0_T Mean 76557.0 P50 76927.0 P95 129849.0 Count 10
ml_1_1_1_0_F Mean 71835.8 P50 78516.0 P95 97337.0 Count 10
Sort by P95:
ml_1_1_0_2_T Mean 48522.8 P50 48419.0 P95 50115.0 Count 10
ml_1_1_3_2_T Mean 50464.17 P50 50252.0 P95 51612.0 Count 6
ml_1_1_3_2_F Mean 52523.0 P50 52524.0 P95 52524.0 Count 1
ml_1_1_1_2_F Mean 53252.0 P50 53253.0 P95 53253.0 Count 1
ml_1_1_0_1_T Mean 49699.4 P50 49265.0 P95 55063.0 Count 10
ml_1_1_1_1_F Mean 52849.1 P50 52307.0 P95 55137.0 Count 10
ml_1_1_0_1_F Mean 50911.6 P50 50040.0 P95 55577.0 Count 10
ml_1_1_0_0_F Mean 46961.5 P50 46707.0 P95 56280.0 Count 10
ml_1_1_1_2_T Mean 57174.0 P50 57175.0 P95 57175.0 Count 1
ml_1_1_2_2_F Mean 57396.0 P50 57397.0 P95 57397.0 Count 1
ml_1_1_2_1_T Mean 50703.3 P50 50060.0 P95 57757.0 Count 10
ml_1_1_2_2_T Mean 52419.8 P50 50609.0 P95 58419.0 Count 10
ml_1_1_2_1_F Mean 54494.9 P50 54058.0 P95 59898.0 Count 10
ml_1_1_0_2_F Mean 60793.0 P50 60794.0 P95 60794.0 Count 1
ml_1_1_3_1_F Mean 54606.5 P50 53850.0 P95 60975.0 Count 10
ml_1_1_3_1_T Mean 52183.2 P50 51291.0 P95 61853.0 Count 10
ml_1_1_0_0_T Mean 51271.7 P50 51745.0 P95 61942.0 Count 10
ml_1_1_2_0_F Mean 51592.6 P50 40625.0 P95 88138.0 Count 10
ml_1_1_1_0_F Mean 71835.8 P50 78516.0 P95 97337.0 Count 10
ml_1_1_3_0_F Mean 69458.8 P50 57045.0 P95 125236.0 Count 10
ml_1_1_3_0_T Mean 76557.0 P50 76927.0 P95 129849.0 Count 10
ml_1_1_1_1_T Mean 60684.5 P50 50450.0 P95 147282.0 Count 10
ml_1_1_2_0_T Mean 84361.7 P50 63830.0 P95 195318.0 Count 10
ml_1_1_1_0_T Mean 94776.8 P50 68745.0 P95 202157.0 Count 10
