Sort by Mean:
ml_1_1_1_0_S Mean 38071.25 P50 33899.0 P95 61903.0 Count 8
ml_1_1_2_0_F Mean 41360.6 P50 38992.0 P95 53855.0 Count 10
ml_1_1_3_0_S Mean 41975.11 P50 38589.0 P95 56275.0 Count 9
ml_1_1_0_0_S Mean 43160.5 P50 40644.0 P95 64853.0 Count 10
ml_1_1_3_0_T Mean 44368.0 P50 36227.0 P95 62881.0 Count 6
ml_1_1_0_1_S Mean 47228.6 P50 46651.0 P95 54622.0 Count 10
ml_1_1_0_0_F Mean 47767.1 P50 46707.0 P95 56280.0 Count 10
ml_1_1_3_0_F Mean 48218.4 P50 41971.0 P95 67067.0 Count 10
ml_1_1_1_2_T Mean 48908.5 P50 48453.0 P95 57174.0 Count 10
ml_1_1_1_2_S Mean 49310.8 P50 47553.0 P95 56180.0 Count 10
ml_1_1_0_1_T Mean 49505.2 P50 49040.0 P95 55063.0 Count 10
ml_1_1_2_2_S Mean 49657.7 P50 48626.0 P95 57012.0 Count 10
ml_1_1_3_1_S Mean 49943.6 P50 47997.0 P95 57533.0 Count 10
ml_1_1_3_2_T Mean 50295.1 P50 50278.0 P95 51612.0 Count 10
ml_1_1_2_1_S Mean 50350.3 P50 50130.0 P95 56348.0 Count 10
ml_1_1_0_2_S Mean 50378.2 P50 48864.0 P95 56802.0 Count 10
ml_1_1_0_2_T Mean 50410.0 P50 48943.0 P95 56711.0 Count 10
ml_1_1_2_1_T Mean 50703.3 P50 50060.0 P95 57757.0 Count 10
ml_1_1_0_1_F Mean 50911.6 P50 50040.0 P95 55577.0 Count 10
ml_1_1_2_0_T Mean 51204.33 P50 45514.0 P95 66897.0 Count 6
ml_1_1_3_2_S Mean 51509.5 P50 49664.0 P95 58770.0 Count 10
ml_1_1_1_1_S Mean 51648.1 P50 50742.0 P95 57986.0 Count 10
ml_1_1_1_0_F Mean 52052.14 P50 41802.0 P95 79939.0 Count 7
ml_1_1_3_1_T Mean 52183.2 P50 51291.0 P95 61853.0 Count 10
ml_1_1_2_0_S Mean 52285.67 P50 53263.0 P95 70657.0 Count 9
ml_1_1_0_0_T Mean 52304.5 P50 53010.0 P95 61942.0 Count 10
ml_1_1_2_2_T Mean 52419.8 P50 50609.0 P95 58419.0 Count 10
ml_1_1_2_2_F Mean 52466.9 P50 52356.0 P95 57396.0 Count 10
ml_1_1_1_1_F Mean 52849.1 P50 52307.0 P95 55137.0 Count 10
ml_1_1_1_1_T Mean 53186.27 P50 52677.0 P95 58628.0 Count 11
ml_1_1_0_2_F Mean 53225.7 P50 51797.0 P95 60793.0 Count 10
ml_1_1_3_2_F Mean 53383.8 P50 52618.0 P95 57347.0 Count 10
ml_1_1_2_1_F Mean 54494.9 P50 54058.0 P95 59898.0 Count 10
ml_1_1_1_0_T Mean 54547.33 P50 60249.0 P95 69734.0 Count 9
ml_1_1_1_2_F Mean 54596.7 P50 54143.0 P95 60599.0 Count 10
ml_1_1_3_1_F Mean 54606.5 P50 53850.0 P95 60975.0 Count 10
Sort by P50:
ml_1_1_1_0_S Mean 38071.25 P50 33899.0 P95 61903.0 Count 8
ml_1_1_3_0_T Mean 44368.0 P50 36227.0 P95 62881.0 Count 6
ml_1_1_3_0_S Mean 41975.11 P50 38589.0 P95 56275.0 Count 9
ml_1_1_2_0_F Mean 41360.6 P50 38992.0 P95 53855.0 Count 10
ml_1_1_0_0_S Mean 43160.5 P50 40644.0 P95 64853.0 Count 10
ml_1_1_1_0_F Mean 52052.14 P50 41802.0 P95 79939.0 Count 7
ml_1_1_3_0_F Mean 48218.4 P50 41971.0 P95 67067.0 Count 10
ml_1_1_2_0_T Mean 51204.33 P50 45514.0 P95 66897.0 Count 6
ml_1_1_0_1_S Mean 47228.6 P50 46651.0 P95 54622.0 Count 10
ml_1_1_0_0_F Mean 47767.1 P50 46707.0 P95 56280.0 Count 10
ml_1_1_1_2_S Mean 49310.8 P50 47553.0 P95 56180.0 Count 10
ml_1_1_3_1_S Mean 49943.6 P50 47997.0 P95 57533.0 Count 10
ml_1_1_1_2_T Mean 48908.5 P50 48453.0 P95 57174.0 Count 10
ml_1_1_2_2_S Mean 49657.7 P50 48626.0 P95 57012.0 Count 10
ml_1_1_0_2_S Mean 50378.2 P50 48864.0 P95 56802.0 Count 10
ml_1_1_0_2_T Mean 50410.0 P50 48943.0 P95 56711.0 Count 10
ml_1_1_0_1_T Mean 49505.2 P50 49040.0 P95 55063.0 Count 10
ml_1_1_3_2_S Mean 51509.5 P50 49664.0 P95 58770.0 Count 10
ml_1_1_0_1_F Mean 50911.6 P50 50040.0 P95 55577.0 Count 10
ml_1_1_2_1_T Mean 50703.3 P50 50060.0 P95 57757.0 Count 10
ml_1_1_2_1_S Mean 50350.3 P50 50130.0 P95 56348.0 Count 10
ml_1_1_3_2_T Mean 50295.1 P50 50278.0 P95 51612.0 Count 10
ml_1_1_2_2_T Mean 52419.8 P50 50609.0 P95 58419.0 Count 10
ml_1_1_1_1_S Mean 51648.1 P50 50742.0 P95 57986.0 Count 10
ml_1_1_3_1_T Mean 52183.2 P50 51291.0 P95 61853.0 Count 10
ml_1_1_0_2_F Mean 53225.7 P50 51797.0 P95 60793.0 Count 10
ml_1_1_1_1_F Mean 52849.1 P50 52307.0 P95 55137.0 Count 10
ml_1_1_2_2_F Mean 52466.9 P50 52356.0 P95 57396.0 Count 10
ml_1_1_3_2_F Mean 53383.8 P50 52618.0 P95 57347.0 Count 10
ml_1_1_1_1_T Mean 53186.27 P50 52677.0 P95 58628.0 Count 11
ml_1_1_0_0_T Mean 52304.5 P50 53010.0 P95 61942.0 Count 10
ml_1_1_2_0_S Mean 52285.67 P50 53263.0 P95 70657.0 Count 9
ml_1_1_3_1_F Mean 54606.5 P50 53850.0 P95 60975.0 Count 10
ml_1_1_2_1_F Mean 54494.9 P50 54058.0 P95 59898.0 Count 10
ml_1_1_1_2_F Mean 54596.7 P50 54143.0 P95 60599.0 Count 10
ml_1_1_1_0_T Mean 54547.33 P50 60249.0 P95 69734.0 Count 9
Sort by P95:
ml_1_1_3_2_T Mean 50295.1 P50 50278.0 P95 51612.0 Count 10
ml_1_1_2_0_F Mean 41360.6 P50 38992.0 P95 53855.0 Count 10
ml_1_1_0_1_S Mean 47228.6 P50 46651.0 P95 54622.0 Count 10
ml_1_1_0_1_T Mean 49505.2 P50 49040.0 P95 55063.0 Count 10
ml_1_1_1_1_F Mean 52849.1 P50 52307.0 P95 55137.0 Count 10
ml_1_1_0_1_F Mean 50911.6 P50 50040.0 P95 55577.0 Count 10
ml_1_1_1_2_S Mean 49310.8 P50 47553.0 P95 56180.0 Count 10
ml_1_1_3_0_S Mean 41975.11 P50 38589.0 P95 56275.0 Count 9
ml_1_1_0_0_F Mean 47767.1 P50 46707.0 P95 56280.0 Count 10
ml_1_1_2_1_S Mean 50350.3 P50 50130.0 P95 56348.0 Count 10
ml_1_1_0_2_T Mean 50410.0 P50 48943.0 P95 56711.0 Count 10
ml_1_1_0_2_S Mean 50378.2 P50 48864.0 P95 56802.0 Count 10
ml_1_1_2_2_S Mean 49657.7 P50 48626.0 P95 57012.0 Count 10
ml_1_1_1_2_T Mean 48908.5 P50 48453.0 P95 57174.0 Count 10
ml_1_1_3_2_F Mean 53383.8 P50 52618.0 P95 57347.0 Count 10
ml_1_1_2_2_F Mean 52466.9 P50 52356.0 P95 57396.0 Count 10
ml_1_1_3_1_S Mean 49943.6 P50 47997.0 P95 57533.0 Count 10
ml_1_1_2_1_T Mean 50703.3 P50 50060.0 P95 57757.0 Count 10
ml_1_1_1_1_S Mean 51648.1 P50 50742.0 P95 57986.0 Count 10
ml_1_1_2_2_T Mean 52419.8 P50 50609.0 P95 58419.0 Count 10
ml_1_1_1_1_T Mean 53186.27 P50 52677.0 P95 58628.0 Count 11
ml_1_1_3_2_S Mean 51509.5 P50 49664.0 P95 58770.0 Count 10
ml_1_1_2_1_F Mean 54494.9 P50 54058.0 P95 59898.0 Count 10
ml_1_1_1_2_F Mean 54596.7 P50 54143.0 P95 60599.0 Count 10
ml_1_1_0_2_F Mean 53225.7 P50 51797.0 P95 60793.0 Count 10
ml_1_1_3_1_F Mean 54606.5 P50 53850.0 P95 60975.0 Count 10
ml_1_1_3_1_T Mean 52183.2 P50 51291.0 P95 61853.0 Count 10
ml_1_1_1_0_S Mean 38071.25 P50 33899.0 P95 61903.0 Count 8
ml_1_1_0_0_T Mean 52304.5 P50 53010.0 P95 61942.0 Count 10
ml_1_1_3_0_T Mean 44368.0 P50 36227.0 P95 62881.0 Count 6
ml_1_1_0_0_S Mean 43160.5 P50 40644.0 P95 64853.0 Count 10
ml_1_1_2_0_T Mean 51204.33 P50 45514.0 P95 66897.0 Count 6
ml_1_1_3_0_F Mean 48218.4 P50 41971.0 P95 67067.0 Count 10
ml_1_1_1_0_T Mean 54547.33 P50 60249.0 P95 69734.0 Count 9
ml_1_1_2_0_S Mean 52285.67 P50 53263.0 P95 70657.0 Count 9
ml_1_1_1_0_F Mean 52052.14 P50 41802.0 P95 79939.0 Count 7
