Sort by Mean:
ml_1_1_0_0_S Mean 37125.0 P50 37126.0 P95 37126.0 Count 1
ml_1_1_0_0_F Mean 48230.78 P50 46853.0 P95 56280.0 Count 9
ml_1_1_0_2_S Mean 48367.33 P50 47501.0 P95 50487.0 Count 6
ml_1_1_0_1_T Mean 49556.89 P50 49265.0 P95 55063.0 Count 9
ml_1_1_3_2_T Mean 50295.1 P50 50278.0 P95 51612.0 Count 10
ml_1_1_0_2_T Mean 50690.0 P50 50625.0 P95 56711.0 Count 9
ml_1_1_2_1_T Mean 50703.3 P50 50060.0 P95 57757.0 Count 10
ml_1_1_0_1_F Mean 50911.6 P50 50040.0 P95 55577.0 Count 10
ml_1_1_3_0_F Mean 51553.0 P50 46785.0 P95 67067.0 Count 7
ml_1_1_2_0_F Mean 51592.6 P50 40625.0 P95 88138.0 Count 10
ml_1_1_3_1_T Mean 52183.2 P50 51291.0 P95 61853.0 Count 10
ml_1_1_0_0_T Mean 52298.62 P50 53935.0 P95 61942.0 Count 8
ml_1_1_2_2_T Mean 52419.8 P50 50609.0 P95 58419.0 Count 10
ml_1_1_1_1_S Mean 52691.2 P50 51183.0 P95 57986.0 Count 5
ml_1_1_1_1_F Mean 52849.1 P50 52307.0 P95 55137.0 Count 10
ml_1_1_1_1_T Mean 53186.27 P50 52677.0 P95 58628.0 Count 11
ml_1_1_1_2_F Mean 53252.0 P50 53253.0 P95 53253.0 Count 1
ml_1_1_3_2_F Mean 53654.67 P50 52618.0 P95 57347.0 Count 6
ml_1_1_0_2_F Mean 54324.67 P50 52198.0 P95 60793.0 Count 6
ml_1_1_2_1_F Mean 54494.9 P50 54058.0 P95 59898.0 Count 10
ml_1_1_2_0_T Mean 54598.4 P50 53288.0 P95 66897.0 Count 5
ml_1_1_3_1_F Mean 54606.5 P50 53850.0 P95 60975.0 Count 10
ml_1_1_1_2_T Mean 57174.0 P50 57175.0 P95 57175.0 Count 1
ml_1_1_2_2_F Mean 57396.0 P50 57397.0 P95 57397.0 Count 1
ml_1_1_3_0_T Mean 58744.75 P50 50138.0 P95 76927.0 Count 4
ml_1_1_1_0_F Mean 61986.14 P50 68506.0 P95 84445.0 Count 7
ml_1_1_1_0_T Mean 68705.25 P50 68684.0 P95 69734.0 Count 4
Sort by P50:
ml_1_1_0_0_S Mean 37125.0 P50 37126.0 P95 37126.0 Count 1
ml_1_1_2_0_F Mean 51592.6 P50 40625.0 P95 88138.0 Count 10
ml_1_1_3_0_F Mean 51553.0 P50 46785.0 P95 67067.0 Count 7
ml_1_1_0_0_F Mean 48230.78 P50 46853.0 P95 56280.0 Count 9
ml_1_1_0_2_S Mean 48367.33 P50 47501.0 P95 50487.0 Count 6
ml_1_1_0_1_T Mean 49556.89 P50 49265.0 P95 55063.0 Count 9
ml_1_1_0_1_F Mean 50911.6 P50 50040.0 P95 55577.0 Count 10
ml_1_1_2_1_T Mean 50703.3 P50 50060.0 P95 57757.0 Count 10
ml_1_1_3_0_T Mean 58744.75 P50 50138.0 P95 76927.0 Count 4
ml_1_1_3_2_T Mean 50295.1 P50 50278.0 P95 51612.0 Count 10
ml_1_1_2_2_T Mean 52419.8 P50 50609.0 P95 58419.0 Count 10
ml_1_1_0_2_T Mean 50690.0 P50 50625.0 P95 56711.0 Count 9
ml_1_1_1_1_S Mean 52691.2 P50 51183.0 P95 57986.0 Count 5
ml_1_1_3_1_T Mean 52183.2 P50 51291.0 P95 61853.0 Count 10
ml_1_1_0_2_F Mean 54324.67 P50 52198.0 P95 60793.0 Count 6
ml_1_1_1_1_F Mean 52849.1 P50 52307.0 P95 55137.0 Count 10
ml_1_1_3_2_F Mean 53654.67 P50 52618.0 P95 57347.0 Count 6
ml_1_1_1_1_T Mean 53186.27 P50 52677.0 P95 58628.0 Count 11
ml_1_1_1_2_F Mean 53252.0 P50 53253.0 P95 53253.0 Count 1
ml_1_1_2_0_T Mean 54598.4 P50 53288.0 P95 66897.0 Count 5
ml_1_1_3_1_F Mean 54606.5 P50 53850.0 P95 60975.0 Count 10
ml_1_1_0_0_T Mean 52298.62 P50 53935.0 P95 61942.0 Count 8
ml_1_1_2_1_F Mean 54494.9 P50 54058.0 P95 59898.0 Count 10
ml_1_1_1_2_T Mean 57174.0 P50 57175.0 P95 57175.0 Count 1
ml_1_1_2_2_F Mean 57396.0 P50 57397.0 P95 57397.0 Count 1
ml_1_1_1_0_F Mean 61986.14 P50 68506.0 P95 84445.0 Count 7
ml_1_1_1_0_T Mean 68705.25 P50 68684.0 P95 69734.0 Count 4
Sort by P95:
ml_1_1_0_0_S Mean 37125.0 P50 37126.0 P95 37126.0 Count 1
ml_1_1_0_2_S Mean 48367.33 P50 47501.0 P95 50487.0 Count 6
ml_1_1_3_2_T Mean 50295.1 P50 50278.0 P95 51612.0 Count 10
ml_1_1_1_2_F Mean 53252.0 P50 53253.0 P95 53253.0 Count 1
ml_1_1_0_1_T Mean 49556.89 P50 49265.0 P95 55063.0 Count 9
ml_1_1_1_1_F Mean 52849.1 P50 52307.0 P95 55137.0 Count 10
ml_1_1_0_1_F Mean 50911.6 P50 50040.0 P95 55577.0 Count 10
ml_1_1_0_0_F Mean 48230.78 P50 46853.0 P95 56280.0 Count 9
ml_1_1_0_2_T Mean 50690.0 P50 50625.0 P95 56711.0 Count 9
ml_1_1_1_2_T Mean 57174.0 P50 57175.0 P95 57175.0 Count 1
ml_1_1_3_2_F Mean 53654.67 P50 52618.0 P95 57347.0 Count 6
ml_1_1_2_2_F Mean 57396.0 P50 57397.0 P95 57397.0 Count 1
ml_1_1_2_1_T Mean 50703.3 P50 50060.0 P95 57757.0 Count 10
ml_1_1_1_1_S Mean 52691.2 P50 51183.0 P95 57986.0 Count 5
ml_1_1_2_2_T Mean 52419.8 P50 50609.0 P95 58419.0 Count 10
ml_1_1_1_1_T Mean 53186.27 P50 52677.0 P95 58628.0 Count 11
ml_1_1_2_1_F Mean 54494.9 P50 54058.0 P95 59898.0 Count 10
ml_1_1_0_2_F Mean 54324.67 P50 52198.0 P95 60793.0 Count 6
ml_1_1_3_1_F Mean 54606.5 P50 53850.0 P95 60975.0 Count 10
ml_1_1_3_1_T Mean 52183.2 P50 51291.0 P95 61853.0 Count 10
ml_1_1_0_0_T Mean 52298.62 P50 53935.0 P95 61942.0 Count 8
ml_1_1_2_0_T Mean 54598.4 P50 53288.0 P95 66897.0 Count 5
ml_1_1_3_0_F Mean 51553.0 P50 46785.0 P95 67067.0 Count 7
ml_1_1_1_0_T Mean 68705.25 P50 68684.0 P95 69734.0 Count 4
ml_1_1_3_0_T Mean 58744.75 P50 50138.0 P95 76927.0 Count 4
ml_1_1_1_0_F Mean 61986.14 P50 68506.0 P95 84445.0 Count 7
ml_1_1_2_0_F Mean 51592.6 P50 40625.0 P95 88138.0 Count 10
