Sort by Mean:
video_3_1_3_- Mean 79.08 P50 75.0 P95 94.0 Count 100
video_3_1_1_- Mean 84.65 P50 79.0 P95 135.0 Count 99
video_3_1_2_- Mean 88.91 P50 82.0 P95 142.0 Count 100
video_3_1_-_- Mean 97.35 P50 84.0 P95 178.0 Count 93
video_3_1_0_- Mean 106.08 P50 90.0 P95 160.0 Count 100
video_3_1_3_0 Mean 122.57 P50 115.0 P95 168.0 Count 7
video_3_2_-_- Mean 169.73 P50 162.0 P95 232.0 Count 100
video_3_0_-_- Mean 457.0 P50 405.0 P95 510.0 Count 2
Sort by P50:
video_3_1_3_- Mean 79.08 P50 75.0 P95 94.0 Count 100
video_3_1_1_- Mean 84.65 P50 79.0 P95 135.0 Count 99
video_3_1_2_- Mean 88.91 P50 82.0 P95 142.0 Count 100
video_3_1_-_- Mean 97.35 P50 84.0 P95 178.0 Count 93
video_3_1_0_- Mean 106.08 P50 90.0 P95 160.0 Count 100
video_3_1_3_0 Mean 122.57 P50 115.0 P95 168.0 Count 7
video_3_2_-_- Mean 169.73 P50 162.0 P95 232.0 Count 100
video_3_0_-_- Mean 457.0 P50 405.0 P95 510.0 Count 2
Sort by P95:
video_3_1_3_- Mean 79.08 P50 75.0 P95 94.0 Count 100
video_3_1_1_- Mean 84.65 P50 79.0 P95 135.0 Count 99
video_3_1_2_- Mean 88.91 P50 82.0 P95 142.0 Count 100
video_3_1_0_- Mean 106.08 P50 90.0 P95 160.0 Count 100
video_3_1_3_0 Mean 122.57 P50 115.0 P95 168.0 Count 7
video_3_1_-_- Mean 97.35 P50 84.0 P95 178.0 Count 93
video_3_2_-_- Mean 169.73 P50 162.0 P95 232.0 Count 100
video_3_0_-_- Mean 457.0 P50 405.0 P95 510.0 Count 2
