Sort by Mean:
video_3_1_1_2_T Mean 35772.85 P50 35541.0 P95 40187.0 Count 20
video_3_1_3_2_T Mean 36043.15 P50 35874.0 P95 39179.0 Count 20
video_3_1_0_1_T Mean 36048.75 P50 35069.0 P95 44402.0 Count 20
video_3_1_0_2_T Mean 36215.3 P50 35820.0 P95 39005.0 Count 20
video_3_1_2_2_T Mean 36577.7 P50 35756.0 P95 41882.0 Count 10
video_3_1_0_0_T Mean 36596.5 P50 36336.0 P95 38852.0 Count 10
video_3_1_2_1_T Mean 36839.35 P50 35102.0 P95 44881.0 Count 20
video_3_1_1_1_T Mean 37148.8 P50 35702.0 P95 43626.0 Count 10
video_3_1_3_3_T Mean 37589.2 P50 35653.0 P95 46910.0 Count 10
video_3_1_1_0_T Mean 38050.8 P50 37182.0 P95 46855.0 Count 10
video_3_1_2_3_T Mean 38342.75 P50 35033.0 P95 47508.0 Count 20
video_3_1_0_3_T Mean 38652.7 P50 35120.0 P95 61806.0 Count 10
video_3_1_3_1_T Mean 39560.4 P50 36364.0 P95 47032.0 Count 10
video_3_1_2_0_T Mean 40673.15 P50 38851.0 P95 50240.0 Count 20
video_3_1_1_3_T Mean 43309.4 P50 41459.0 P95 52863.0 Count 10
video_3_1_3_0_T Mean 47555.1 P50 46130.0 P95 58226.0 Count 10
Sort by P50:
video_3_1_2_3_T Mean 38342.75 P50 35033.0 P95 47508.0 Count 20
video_3_1_0_1_T Mean 36048.75 P50 35069.0 P95 44402.0 Count 20
video_3_1_2_1_T Mean 36839.35 P50 35102.0 P95 44881.0 Count 20
video_3_1_0_3_T Mean 38652.7 P50 35120.0 P95 61806.0 Count 10
video_3_1_1_2_T Mean 35772.85 P50 35541.0 P95 40187.0 Count 20
video_3_1_3_3_T Mean 37589.2 P50 35653.0 P95 46910.0 Count 10
video_3_1_1_1_T Mean 37148.8 P50 35702.0 P95 43626.0 Count 10
video_3_1_2_2_T Mean 36577.7 P50 35756.0 P95 41882.0 Count 10
video_3_1_0_2_T Mean 36215.3 P50 35820.0 P95 39005.0 Count 20
video_3_1_3_2_T Mean 36043.15 P50 35874.0 P95 39179.0 Count 20
video_3_1_0_0_T Mean 36596.5 P50 36336.0 P95 38852.0 Count 10
video_3_1_3_1_T Mean 39560.4 P50 36364.0 P95 47032.0 Count 10
video_3_1_1_0_T Mean 38050.8 P50 37182.0 P95 46855.0 Count 10
video_3_1_2_0_T Mean 40673.15 P50 38851.0 P95 50240.0 Count 20
video_3_1_1_3_T Mean 43309.4 P50 41459.0 P95 52863.0 Count 10
video_3_1_3_0_T Mean 47555.1 P50 46130.0 P95 58226.0 Count 10
Sort by P95:
video_3_1_0_0_T Mean 36596.5 P50 36336.0 P95 38852.0 Count 10
video_3_1_0_2_T Mean 36215.3 P50 35820.0 P95 39005.0 Count 20
video_3_1_3_2_T Mean 36043.15 P50 35874.0 P95 39179.0 Count 20
video_3_1_1_2_T Mean 35772.85 P50 35541.0 P95 40187.0 Count 20
video_3_1_2_2_T Mean 36577.7 P50 35756.0 P95 41882.0 Count 10
video_3_1_1_1_T Mean 37148.8 P50 35702.0 P95 43626.0 Count 10
video_3_1_0_1_T Mean 36048.75 P50 35069.0 P95 44402.0 Count 20
video_3_1_2_1_T Mean 36839.35 P50 35102.0 P95 44881.0 Count 20
video_3_1_1_0_T Mean 38050.8 P50 37182.0 P95 46855.0 Count 10
video_3_1_3_3_T Mean 37589.2 P50 35653.0 P95 46910.0 Count 10
video_3_1_3_1_T Mean 39560.4 P50 36364.0 P95 47032.0 Count 10
video_3_1_2_3_T Mean 38342.75 P50 35033.0 P95 47508.0 Count 20
video_3_1_2_0_T Mean 40673.15 P50 38851.0 P95 50240.0 Count 20
video_3_1_1_3_T Mean 43309.4 P50 41459.0 P95 52863.0 Count 10
video_3_1_3_0_T Mean 47555.1 P50 46130.0 P95 58226.0 Count 10
video_3_1_0_3_T Mean 38652.7 P50 35120.0 P95 61806.0 Count 10
