Sort by Mean:
video_3_1_3_1_F Mean 26750.0 P50 24147.0 P95 43528.0 Count 11
video_3_1_2_1_F Mean 27341.4 P50 27514.0 P95 31408.0 Count 10
video_3_1_1_0_F Mean 27431.2 P50 27953.0 P95 28895.0 Count 10
video_3_1_2_0_F Mean 27650.8 P50 26568.0 P95 34986.0 Count 10
video_3_1_0_0_F Mean 27816.5 P50 26768.0 P95 35330.0 Count 10
video_3_1_0_1_F Mean 28763.4 P50 28504.0 P95 38353.0 Count 10
video_3_1_4_1_F Mean 29700.9 P50 28700.0 P95 43265.0 Count 10
video_3_1_1_1_F Mean 31249.2 P50 26399.0 P95 45134.0 Count 10
video_3_1_5_1_F Mean 31683.1 P50 29975.0 P95 39618.0 Count 10
video_3_1_6_1_F Mean 31952.2 P50 30714.0 P95 44764.0 Count 10
video_3_1_4_2_F Mean 33057.9 P50 32899.0 P95 34792.0 Count 10
video_3_1_0_2_F Mean 33084.7 P50 31898.0 P95 35825.0 Count 10
video_3_1_5_2_F Mean 33275.7 P50 33150.0 P95 35340.0 Count 10
video_3_1_2_2_F Mean 33356.6 P50 32883.0 P95 37186.0 Count 10
video_3_1_1_2_F Mean 33393.8 P50 33212.0 P95 34772.0 Count 10
video_3_1_6_2_F Mean 33687.0 P50 33171.0 P95 40603.0 Count 10
video_3_1_3_2_F Mean 33732.2 P50 33666.0 P95 35315.0 Count 10
video_3_1_3_0_F Mean 34026.2 P50 32578.0 P95 41907.0 Count 10
video_3_1_6_0_F Mean 43552.7 P50 46555.0 P95 49939.0 Count 10
video_3_1_4_0_F Mean 43730.2 P50 42655.0 P95 51516.0 Count 10
video_3_1_5_0_F Mean 44191.2 P50 45810.0 P95 51165.0 Count 10
Sort by P50:
video_3_1_3_1_F Mean 26750.0 P50 24147.0 P95 43528.0 Count 11
video_3_1_1_1_F Mean 31249.2 P50 26399.0 P95 45134.0 Count 10
video_3_1_2_0_F Mean 27650.8 P50 26568.0 P95 34986.0 Count 10
video_3_1_0_0_F Mean 27816.5 P50 26768.0 P95 35330.0 Count 10
video_3_1_2_1_F Mean 27341.4 P50 27514.0 P95 31408.0 Count 10
video_3_1_1_0_F Mean 27431.2 P50 27953.0 P95 28895.0 Count 10
video_3_1_0_1_F Mean 28763.4 P50 28504.0 P95 38353.0 Count 10
video_3_1_4_1_F Mean 29700.9 P50 28700.0 P95 43265.0 Count 10
video_3_1_5_1_F Mean 31683.1 P50 29975.0 P95 39618.0 Count 10
video_3_1_6_1_F Mean 31952.2 P50 30714.0 P95 44764.0 Count 10
video_3_1_0_2_F Mean 33084.7 P50 31898.0 P95 35825.0 Count 10
video_3_1_3_0_F Mean 34026.2 P50 32578.0 P95 41907.0 Count 10
video_3_1_2_2_F Mean 33356.6 P50 32883.0 P95 37186.0 Count 10
video_3_1_4_2_F Mean 33057.9 P50 32899.0 P95 34792.0 Count 10
video_3_1_5_2_F Mean 33275.7 P50 33150.0 P95 35340.0 Count 10
video_3_1_6_2_F Mean 33687.0 P50 33171.0 P95 40603.0 Count 10
video_3_1_1_2_F Mean 33393.8 P50 33212.0 P95 34772.0 Count 10
video_3_1_3_2_F Mean 33732.2 P50 33666.0 P95 35315.0 Count 10
video_3_1_4_0_F Mean 43730.2 P50 42655.0 P95 51516.0 Count 10
video_3_1_5_0_F Mean 44191.2 P50 45810.0 P95 51165.0 Count 10
video_3_1_6_0_F Mean 43552.7 P50 46555.0 P95 49939.0 Count 10
Sort by P95:
video_3_1_1_0_F Mean 27431.2 P50 27953.0 P95 28895.0 Count 10
video_3_1_2_1_F Mean 27341.4 P50 27514.0 P95 31408.0 Count 10
video_3_1_1_2_F Mean 33393.8 P50 33212.0 P95 34772.0 Count 10
video_3_1_4_2_F Mean 33057.9 P50 32899.0 P95 34792.0 Count 10
video_3_1_2_0_F Mean 27650.8 P50 26568.0 P95 34986.0 Count 10
video_3_1_3_2_F Mean 33732.2 P50 33666.0 P95 35315.0 Count 10
video_3_1_0_0_F Mean 27816.5 P50 26768.0 P95 35330.0 Count 10
video_3_1_5_2_F Mean 33275.7 P50 33150.0 P95 35340.0 Count 10
video_3_1_0_2_F Mean 33084.7 P50 31898.0 P95 35825.0 Count 10
video_3_1_2_2_F Mean 33356.6 P50 32883.0 P95 37186.0 Count 10
video_3_1_0_1_F Mean 28763.4 P50 28504.0 P95 38353.0 Count 10
video_3_1_5_1_F Mean 31683.1 P50 29975.0 P95 39618.0 Count 10
video_3_1_6_2_F Mean 33687.0 P50 33171.0 P95 40603.0 Count 10
video_3_1_3_0_F Mean 34026.2 P50 32578.0 P95 41907.0 Count 10
video_3_1_4_1_F Mean 29700.9 P50 28700.0 P95 43265.0 Count 10
video_3_1_3_1_F Mean 26750.0 P50 24147.0 P95 43528.0 Count 11
video_3_1_6_1_F Mean 31952.2 P50 30714.0 P95 44764.0 Count 10
video_3_1_1_1_F Mean 31249.2 P50 26399.0 P95 45134.0 Count 10
video_3_1_6_0_F Mean 43552.7 P50 46555.0 P95 49939.0 Count 10
video_3_1_5_0_F Mean 44191.2 P50 45810.0 P95 51165.0 Count 10
video_3_1_4_0_F Mean 43730.2 P50 42655.0 P95 51516.0 Count 10
