Sort by Mean:
ml_1_1_3_0_S Mean 42087.42 P50 45740.0 P95 56788.0 Count 19
ml_1_1_3_0_T Mean 45464.33 P50 46701.0 P95 63431.0 Count 15
ml_1_1_3_0_F Mean 48700.55 P50 39481.0 P95 86632.0 Count 20
Sort by P50:
ml_1_1_3_0_F Mean 48700.55 P50 39481.0 P95 86632.0 Count 20
ml_1_1_3_0_S Mean 42087.42 P50 45740.0 P95 56788.0 Count 19
ml_1_1_3_0_T Mean 45464.33 P50 46701.0 P95 63431.0 Count 15
Sort by P95:
ml_1_1_3_0_S Mean 42087.42 P50 45740.0 P95 56788.0 Count 19
ml_1_1_3_0_T Mean 45464.33 P50 46701.0 P95 63431.0 Count 15
ml_1_1_3_0_F Mean 48700.55 P50 39481.0 P95 86632.0 Count 20
