Sort by Mean:
ml_1_1_0_3_T Mean 35180.7 P50 34020.0 P95 39619.0 Count 10
ml_1_1_0_3_S Mean 39141.0 P50 40822.0 P95 47908.0 Count 10
ml_1_1_0_3_F Mean 41338.5 P50 40638.0 P95 47729.0 Count 10
ml_1_1_1_3_S Mean 47699.6 P50 45435.0 P95 71814.0 Count 10
ml_1_1_2_3_T Mean 49604.7 P50 47726.0 P95 60365.0 Count 10
ml_1_1_1_3_T Mean 50404.2 P50 48899.0 P95 61003.0 Count 10
ml_1_1_1_3_F Mean 56131.62 P50 56691.0 P95 62776.0 Count 8
ml_1_1_2_3_F Mean 65632.1 P50 66229.0 P95 74459.0 Count 10
Sort by P50:
ml_1_1_0_3_T Mean 35180.7 P50 34020.0 P95 39619.0 Count 10
ml_1_1_0_3_F Mean 41338.5 P50 40638.0 P95 47729.0 Count 10
ml_1_1_0_3_S Mean 39141.0 P50 40822.0 P95 47908.0 Count 10
ml_1_1_1_3_S Mean 47699.6 P50 45435.0 P95 71814.0 Count 10
ml_1_1_2_3_T Mean 49604.7 P50 47726.0 P95 60365.0 Count 10
ml_1_1_1_3_T Mean 50404.2 P50 48899.0 P95 61003.0 Count 10
ml_1_1_1_3_F Mean 56131.62 P50 56691.0 P95 62776.0 Count 8
ml_1_1_2_3_F Mean 65632.1 P50 66229.0 P95 74459.0 Count 10
Sort by P95:
ml_1_1_0_3_T Mean 35180.7 P50 34020.0 P95 39619.0 Count 10
ml_1_1_0_3_F Mean 41338.5 P50 40638.0 P95 47729.0 Count 10
ml_1_1_0_3_S Mean 39141.0 P50 40822.0 P95 47908.0 Count 10
ml_1_1_2_3_T Mean 49604.7 P50 47726.0 P95 60365.0 Count 10
ml_1_1_1_3_T Mean 50404.2 P50 48899.0 P95 61003.0 Count 10
ml_1_1_1_3_F Mean 56131.62 P50 56691.0 P95 62776.0 Count 8
ml_1_1_1_3_S Mean 47699.6 P50 45435.0 P95 71814.0 Count 10
ml_1_1_2_3_F Mean 65632.1 P50 66229.0 P95 74459.0 Count 10
