Sort by Mean:
video_3_1_3_1_F Mean 33996.5 P50 33752.0 P95 37942.0 Count 50
video_3_1_2_1_F Mean 34307.6 P50 33386.0 P95 39412.0 Count 50
video_3_1_1_1_F Mean 34396.92 P50 33835.0 P95 37872.0 Count 50
video_3_1_6_2_F Mean 35157.0 P50 34860.0 P95 37882.0 Count 50
video_3_1_5_2_F Mean 35350.88 P50 35208.0 P95 38194.0 Count 50
video_3_1_4_1_F Mean 35362.14 P50 34683.0 P95 40661.0 Count 50
video_3_1_3_2_F Mean 35452.9 P50 35328.0 P95 39757.0 Count 50
video_3_1_0_0_F Mean 35500.36 P50 35015.0 P95 38738.0 Count 50
video_3_1_5_1_F Mean 35568.92 P50 35064.0 P95 41292.0 Count 50
video_3_1_5_3_F Mean 35601.56 P50 34472.0 P95 44074.0 Count 50
video_3_1_0_1_F Mean 35682.34 P50 34475.0 P95 47445.0 Count 50
video_3_1_2_0_F Mean 35863.72 P50 35601.0 P95 39372.0 Count 50
video_3_1_3_3_F Mean 35885.46 P50 34761.0 P95 49037.0 Count 50
video_3_1_2_2_F Mean 36038.94 P50 35647.0 P95 39464.0 Count 50
video_3_1_4_2_F Mean 36057.14 P50 35605.0 P95 38957.0 Count 50
video_3_1_0_3_F Mean 36535.5 P50 34955.0 P95 51093.0 Count 50
video_3_1_6_3_F Mean 36681.44 P50 34511.0 P95 50765.0 Count 50
video_3_1_0_2_F Mean 36975.28 P50 35429.0 P95 41605.0 Count 50
video_3_1_3_0_F Mean 37145.44 P50 35680.0 P95 46419.0 Count 50
video_3_1_6_1_F Mean 37256.32 P50 35659.0 P95 44860.0 Count 50
video_3_1_2_3_F Mean 37310.42 P50 34847.0 P95 49293.0 Count 50
video_3_1_1_0_F Mean 38926.81 P50 35112.0 P95 43130.0 Count 187
video_3_1_4_0_F Mean 39818.93 P50 39820.0 P95 44442.0 Count 42
video_3_1_1_3_F Mean 41757.16 P50 34579.0 P95 49810.0 Count 50
video_3_1_5_0_F Mean 43268.1 P50 43278.0 P95 48435.0 Count 40
video_3_1_4_3_F Mean 43440.58 P50 34810.0 P95 59085.0 Count 50
video_3_1_6_0_F Mean 46267.4 P50 46770.0 P95 52055.0 Count 40
video_3_1_1_2_F Mean 53791.32 P50 36056.0 P95 43069.0 Count 50
Sort by P50:
video_3_1_2_1_F Mean 34307.6 P50 33386.0 P95 39412.0 Count 50
video_3_1_3_1_F Mean 33996.5 P50 33752.0 P95 37942.0 Count 50
video_3_1_1_1_F Mean 34396.92 P50 33835.0 P95 37872.0 Count 50
video_3_1_5_3_F Mean 35601.56 P50 34472.0 P95 44074.0 Count 50
video_3_1_0_1_F Mean 35682.34 P50 34475.0 P95 47445.0 Count 50
video_3_1_6_3_F Mean 36681.44 P50 34511.0 P95 50765.0 Count 50
video_3_1_1_3_F Mean 41757.16 P50 34579.0 P95 49810.0 Count 50
video_3_1_4_1_F Mean 35362.14 P50 34683.0 P95 40661.0 Count 50
video_3_1_3_3_F Mean 35885.46 P50 34761.0 P95 49037.0 Count 50
video_3_1_4_3_F Mean 43440.58 P50 34810.0 P95 59085.0 Count 50
video_3_1_2_3_F Mean 37310.42 P50 34847.0 P95 49293.0 Count 50
video_3_1_6_2_F Mean 35157.0 P50 34860.0 P95 37882.0 Count 50
video_3_1_0_3_F Mean 36535.5 P50 34955.0 P95 51093.0 Count 50
video_3_1_0_0_F Mean 35500.36 P50 35015.0 P95 38738.0 Count 50
video_3_1_5_1_F Mean 35568.92 P50 35064.0 P95 41292.0 Count 50
video_3_1_1_0_F Mean 38926.81 P50 35112.0 P95 43130.0 Count 187
video_3_1_5_2_F Mean 35350.88 P50 35208.0 P95 38194.0 Count 50
video_3_1_3_2_F Mean 35452.9 P50 35328.0 P95 39757.0 Count 50
video_3_1_0_2_F Mean 36975.28 P50 35429.0 P95 41605.0 Count 50
video_3_1_2_0_F Mean 35863.72 P50 35601.0 P95 39372.0 Count 50
video_3_1_4_2_F Mean 36057.14 P50 35605.0 P95 38957.0 Count 50
video_3_1_2_2_F Mean 36038.94 P50 35647.0 P95 39464.0 Count 50
video_3_1_6_1_F Mean 37256.32 P50 35659.0 P95 44860.0 Count 50
video_3_1_3_0_F Mean 37145.44 P50 35680.0 P95 46419.0 Count 50
video_3_1_1_2_F Mean 53791.32 P50 36056.0 P95 43069.0 Count 50
video_3_1_4_0_F Mean 39818.93 P50 39820.0 P95 44442.0 Count 42
video_3_1_5_0_F Mean 43268.1 P50 43278.0 P95 48435.0 Count 40
video_3_1_6_0_F Mean 46267.4 P50 46770.0 P95 52055.0 Count 40
Sort by P95:
video_3_1_1_1_F Mean 34396.92 P50 33835.0 P95 37872.0 Count 50
video_3_1_6_2_F Mean 35157.0 P50 34860.0 P95 37882.0 Count 50
video_3_1_3_1_F Mean 33996.5 P50 33752.0 P95 37942.0 Count 50
video_3_1_5_2_F Mean 35350.88 P50 35208.0 P95 38194.0 Count 50
video_3_1_0_0_F Mean 35500.36 P50 35015.0 P95 38738.0 Count 50
video_3_1_4_2_F Mean 36057.14 P50 35605.0 P95 38957.0 Count 50
video_3_1_2_0_F Mean 35863.72 P50 35601.0 P95 39372.0 Count 50
video_3_1_2_1_F Mean 34307.6 P50 33386.0 P95 39412.0 Count 50
video_3_1_2_2_F Mean 36038.94 P50 35647.0 P95 39464.0 Count 50
video_3_1_3_2_F Mean 35452.9 P50 35328.0 P95 39757.0 Count 50
video_3_1_4_1_F Mean 35362.14 P50 34683.0 P95 40661.0 Count 50
video_3_1_5_1_F Mean 35568.92 P50 35064.0 P95 41292.0 Count 50
video_3_1_0_2_F Mean 36975.28 P50 35429.0 P95 41605.0 Count 50
video_3_1_1_2_F Mean 53791.32 P50 36056.0 P95 43069.0 Count 50
video_3_1_1_0_F Mean 38926.81 P50 35112.0 P95 43130.0 Count 187
video_3_1_5_3_F Mean 35601.56 P50 34472.0 P95 44074.0 Count 50
video_3_1_4_0_F Mean 39818.93 P50 39820.0 P95 44442.0 Count 42
video_3_1_6_1_F Mean 37256.32 P50 35659.0 P95 44860.0 Count 50
video_3_1_3_0_F Mean 37145.44 P50 35680.0 P95 46419.0 Count 50
video_3_1_0_1_F Mean 35682.34 P50 34475.0 P95 47445.0 Count 50
video_3_1_5_0_F Mean 43268.1 P50 43278.0 P95 48435.0 Count 40
video_3_1_3_3_F Mean 35885.46 P50 34761.0 P95 49037.0 Count 50
video_3_1_2_3_F Mean 37310.42 P50 34847.0 P95 49293.0 Count 50
video_3_1_1_3_F Mean 41757.16 P50 34579.0 P95 49810.0 Count 50
video_3_1_6_3_F Mean 36681.44 P50 34511.0 P95 50765.0 Count 50
video_3_1_0_3_F Mean 36535.5 P50 34955.0 P95 51093.0 Count 50
video_3_1_6_0_F Mean 46267.4 P50 46770.0 P95 52055.0 Count 40
video_3_1_4_3_F Mean 43440.58 P50 34810.0 P95 59085.0 Count 50
