Sort by Mean:
video_3_1_2_1_F Mean 25760.53 P50 25051.0 P95 29839.0 Count 30
video_3_1_1_1_F Mean 26188.87 P50 26000.0 P95 30179.0 Count 30
video_3_1_3_1_F Mean 26379.53 P50 26055.0 P95 30194.0 Count 30
video_3_1_1_0_F Mean 26591.53 P50 26482.0 P95 28857.0 Count 30
video_3_1_1_2_F Mean 26852.43 P50 27268.0 P95 29771.0 Count 30
video_3_1_6_1_F Mean 26945.87 P50 26260.0 P95 36015.0 Count 30
video_3_1_0_1_F Mean 27103.57 P50 26190.0 P95 29848.0 Count 30
video_3_1_5_1_F Mean 27295.0 P50 27463.0 P95 31567.0 Count 30
video_3_1_0_0_F Mean 27326.57 P50 26816.0 P95 30811.0 Count 30
video_3_1_6_2_F Mean 27354.97 P50 27165.0 P95 29890.0 Count 30
video_3_1_4_2_F Mean 27388.03 P50 27119.0 P95 30532.0 Count 30
video_3_1_1_3_F Mean 27435.13 P50 26843.0 P95 29174.0 Count 30
video_3_1_5_2_F Mean 27492.0 P50 27379.0 P95 30478.0 Count 30
video_3_1_4_1_F Mean 27537.7 P50 26908.0 P95 33068.0 Count 30
video_3_1_3_2_F Mean 27577.07 P50 27915.0 P95 30343.0 Count 30
video_3_1_5_3_F Mean 27695.77 P50 26996.0 P95 35604.0 Count 30
video_3_1_3_3_F Mean 27709.03 P50 26802.0 P95 36243.0 Count 30
video_3_1_0_2_F Mean 27735.37 P50 27067.0 P95 33851.0 Count 30
video_3_1_2_2_F Mean 27918.27 P50 27616.0 P95 31503.0 Count 30
video_3_1_2_0_F Mean 28055.2 P50 27821.0 P95 33398.0 Count 30
video_3_1_3_0_F Mean 28269.9 P50 26651.0 P95 36651.0 Count 30
video_3_1_0_3_F Mean 28940.07 P50 26793.0 P95 42204.0 Count 30
video_3_1_6_3_F Mean 29013.5 P50 26656.0 P95 42939.0 Count 30
video_3_1_4_3_F Mean 29771.97 P50 26495.0 P95 42085.0 Count 30
video_3_1_2_3_F Mean 30113.53 P50 28522.0 P95 41950.0 Count 30
video_3_1_4_0_F Mean 31201.96 P50 30607.0 P95 36091.0 Count 24
video_3_1_5_0_F Mean 34782.75 P50 34974.0 P95 39145.0 Count 20
video_3_1_6_0_F Mean 37233.9 P50 37627.0 P95 43626.0 Count 20
Sort by P50:
video_3_1_2_1_F Mean 25760.53 P50 25051.0 P95 29839.0 Count 30
video_3_1_1_1_F Mean 26188.87 P50 26000.0 P95 30179.0 Count 30
video_3_1_3_1_F Mean 26379.53 P50 26055.0 P95 30194.0 Count 30
video_3_1_0_1_F Mean 27103.57 P50 26190.0 P95 29848.0 Count 30
video_3_1_6_1_F Mean 26945.87 P50 26260.0 P95 36015.0 Count 30
video_3_1_1_0_F Mean 26591.53 P50 26482.0 P95 28857.0 Count 30
video_3_1_4_3_F Mean 29771.97 P50 26495.0 P95 42085.0 Count 30
video_3_1_3_0_F Mean 28269.9 P50 26651.0 P95 36651.0 Count 30
video_3_1_6_3_F Mean 29013.5 P50 26656.0 P95 42939.0 Count 30
video_3_1_0_3_F Mean 28940.07 P50 26793.0 P95 42204.0 Count 30
video_3_1_3_3_F Mean 27709.03 P50 26802.0 P95 36243.0 Count 30
video_3_1_0_0_F Mean 27326.57 P50 26816.0 P95 30811.0 Count 30
video_3_1_1_3_F Mean 27435.13 P50 26843.0 P95 29174.0 Count 30
video_3_1_4_1_F Mean 27537.7 P50 26908.0 P95 33068.0 Count 30
video_3_1_5_3_F Mean 27695.77 P50 26996.0 P95 35604.0 Count 30
video_3_1_0_2_F Mean 27735.37 P50 27067.0 P95 33851.0 Count 30
video_3_1_4_2_F Mean 27388.03 P50 27119.0 P95 30532.0 Count 30
video_3_1_6_2_F Mean 27354.97 P50 27165.0 P95 29890.0 Count 30
video_3_1_1_2_F Mean 26852.43 P50 27268.0 P95 29771.0 Count 30
video_3_1_5_2_F Mean 27492.0 P50 27379.0 P95 30478.0 Count 30
video_3_1_5_1_F Mean 27295.0 P50 27463.0 P95 31567.0 Count 30
video_3_1_2_2_F Mean 27918.27 P50 27616.0 P95 31503.0 Count 30
video_3_1_2_0_F Mean 28055.2 P50 27821.0 P95 33398.0 Count 30
video_3_1_3_2_F Mean 27577.07 P50 27915.0 P95 30343.0 Count 30
video_3_1_2_3_F Mean 30113.53 P50 28522.0 P95 41950.0 Count 30
video_3_1_4_0_F Mean 31201.96 P50 30607.0 P95 36091.0 Count 24
video_3_1_5_0_F Mean 34782.75 P50 34974.0 P95 39145.0 Count 20
video_3_1_6_0_F Mean 37233.9 P50 37627.0 P95 43626.0 Count 20
Sort by P95:
video_3_1_1_0_F Mean 26591.53 P50 26482.0 P95 28857.0 Count 30
video_3_1_1_3_F Mean 27435.13 P50 26843.0 P95 29174.0 Count 30
video_3_1_1_2_F Mean 26852.43 P50 27268.0 P95 29771.0 Count 30
video_3_1_2_1_F Mean 25760.53 P50 25051.0 P95 29839.0 Count 30
video_3_1_0_1_F Mean 27103.57 P50 26190.0 P95 29848.0 Count 30
video_3_1_6_2_F Mean 27354.97 P50 27165.0 P95 29890.0 Count 30
video_3_1_1_1_F Mean 26188.87 P50 26000.0 P95 30179.0 Count 30
video_3_1_3_1_F Mean 26379.53 P50 26055.0 P95 30194.0 Count 30
video_3_1_3_2_F Mean 27577.07 P50 27915.0 P95 30343.0 Count 30
video_3_1_5_2_F Mean 27492.0 P50 27379.0 P95 30478.0 Count 30
video_3_1_4_2_F Mean 27388.03 P50 27119.0 P95 30532.0 Count 30
video_3_1_0_0_F Mean 27326.57 P50 26816.0 P95 30811.0 Count 30
video_3_1_2_2_F Mean 27918.27 P50 27616.0 P95 31503.0 Count 30
video_3_1_5_1_F Mean 27295.0 P50 27463.0 P95 31567.0 Count 30
video_3_1_4_1_F Mean 27537.7 P50 26908.0 P95 33068.0 Count 30
video_3_1_2_0_F Mean 28055.2 P50 27821.0 P95 33398.0 Count 30
video_3_1_0_2_F Mean 27735.37 P50 27067.0 P95 33851.0 Count 30
video_3_1_5_3_F Mean 27695.77 P50 26996.0 P95 35604.0 Count 30
video_3_1_6_1_F Mean 26945.87 P50 26260.0 P95 36015.0 Count 30
video_3_1_4_0_F Mean 31201.96 P50 30607.0 P95 36091.0 Count 24
video_3_1_3_3_F Mean 27709.03 P50 26802.0 P95 36243.0 Count 30
video_3_1_3_0_F Mean 28269.9 P50 26651.0 P95 36651.0 Count 30
video_3_1_5_0_F Mean 34782.75 P50 34974.0 P95 39145.0 Count 20
video_3_1_2_3_F Mean 30113.53 P50 28522.0 P95 41950.0 Count 30
video_3_1_4_3_F Mean 29771.97 P50 26495.0 P95 42085.0 Count 30
video_3_1_0_3_F Mean 28940.07 P50 26793.0 P95 42204.0 Count 30
video_3_1_6_3_F Mean 29013.5 P50 26656.0 P95 42939.0 Count 30
video_3_1_6_0_F Mean 37233.9 P50 37627.0 P95 43626.0 Count 20
