Sort by Mean:
video_3_1_1_0_T Mean 15777.8 P50 14693.0 P95 22350.0 Count 10
video_3_1_3_1_T Mean 16783.7 P50 16762.0 P95 21340.0 Count 10
video_3_1_2_1_T Mean 16997.5 P50 16082.0 P95 20946.0 Count 10
video_3_1_1_2_T Mean 17011.8 P50 17324.0 P95 19049.0 Count 10
video_3_1_1_1_T Mean 17521.6 P50 15871.0 P95 22736.0 Count 10
video_3_1_2_2_T Mean 17834.5 P50 17605.0 P95 21249.0 Count 10
video_3_1_0_1_T Mean 17957.7 P50 16593.0 P95 21878.0 Count 10
video_3_1_1_1_S Mean 18192.7 P50 16911.0 P95 21914.0 Count 10
video_3_1_0_2_T Mean 18267.1 P50 17482.0 P95 25104.0 Count 10
video_3_1_3_2_T Mean 18297.4 P50 17999.0 P95 21636.0 Count 10
video_3_1_0_1_S Mean 18338.0 P50 18387.0 P95 23093.0 Count 10
video_3_1_3_1_S Mean 18405.5 P50 18429.0 P95 21348.0 Count 10
video_3_1_2_1_S Mean 18890.1 P50 18661.0 P95 21786.0 Count 10
video_3_1_1_0_S Mean 19454.5 P50 19579.0 P95 20502.0 Count 10
video_3_1_0_0_T Mean 19492.0 P50 18347.0 P95 24047.0 Count 10
video_3_1_2_0_T Mean 19576.2 P50 17652.0 P95 27791.0 Count 10
video_3_1_1_2_S Mean 19737.5 P50 19610.0 P95 21631.0 Count 10
video_3_1_3_2_S Mean 19861.3 P50 19586.0 P95 22001.0 Count 10
video_3_1_0_0_S Mean 20207.4 P50 19905.0 P95 22742.0 Count 10
video_3_1_0_2_S Mean 20678.5 P50 20562.0 P95 25949.0 Count 10
video_3_1_0_2_F Mean 20775.0 P50 20204.0 P95 22040.0 Count 10
video_3_1_2_2_S Mean 20992.7 P50 20055.0 P95 28556.0 Count 10
video_3_1_2_0_S Mean 20993.3 P50 20574.0 P95 22874.0 Count 10
video_3_1_2_2_F Mean 21203.9 P50 20203.0 P95 27269.0 Count 10
video_3_1_3_2_F Mean 21208.6 P50 20283.0 P95 23749.0 Count 10
video_3_1_1_2_F Mean 21502.3 P50 21356.0 P95 24952.0 Count 10
video_3_1_1_0_F Mean 21515.2 P50 21878.0 P95 23431.0 Count 10
video_3_1_2_1_F Mean 21866.1 P50 21935.0 P95 23975.0 Count 10
video_3_1_0_0_F Mean 21926.3 P50 22027.0 P95 23802.0 Count 10
video_3_1_1_1_F Mean 22453.0 P50 21750.0 P95 25145.0 Count 10
video_3_1_3_1_F Mean 22580.7 P50 22573.0 P95 26296.0 Count 10
video_3_1_0_1_F Mean 22857.0 P50 20977.0 P95 24738.0 Count 2
video_3_1_3_0_F Mean 24534.7 P50 24017.0 P95 28182.0 Count 10
video_3_1_2_0_F Mean 25554.0 P50 25555.0 P95 25555.0 Count 1
video_3_1_3_0_S Mean 26636.0 P50 26637.0 P95 26637.0 Count 1
Sort by P50:
video_3_1_1_0_T Mean 15777.8 P50 14693.0 P95 22350.0 Count 10
video_3_1_1_1_T Mean 17521.6 P50 15871.0 P95 22736.0 Count 10
video_3_1_2_1_T Mean 16997.5 P50 16082.0 P95 20946.0 Count 10
video_3_1_0_1_T Mean 17957.7 P50 16593.0 P95 21878.0 Count 10
video_3_1_3_1_T Mean 16783.7 P50 16762.0 P95 21340.0 Count 10
video_3_1_1_1_S Mean 18192.7 P50 16911.0 P95 21914.0 Count 10
video_3_1_1_2_T Mean 17011.8 P50 17324.0 P95 19049.0 Count 10
video_3_1_0_2_T Mean 18267.1 P50 17482.0 P95 25104.0 Count 10
video_3_1_2_2_T Mean 17834.5 P50 17605.0 P95 21249.0 Count 10
video_3_1_2_0_T Mean 19576.2 P50 17652.0 P95 27791.0 Count 10
video_3_1_3_2_T Mean 18297.4 P50 17999.0 P95 21636.0 Count 10
video_3_1_0_0_T Mean 19492.0 P50 18347.0 P95 24047.0 Count 10
video_3_1_0_1_S Mean 18338.0 P50 18387.0 P95 23093.0 Count 10
video_3_1_3_1_S Mean 18405.5 P50 18429.0 P95 21348.0 Count 10
video_3_1_2_1_S Mean 18890.1 P50 18661.0 P95 21786.0 Count 10
video_3_1_1_0_S Mean 19454.5 P50 19579.0 P95 20502.0 Count 10
video_3_1_3_2_S Mean 19861.3 P50 19586.0 P95 22001.0 Count 10
video_3_1_1_2_S Mean 19737.5 P50 19610.0 P95 21631.0 Count 10
video_3_1_0_0_S Mean 20207.4 P50 19905.0 P95 22742.0 Count 10
video_3_1_2_2_S Mean 20992.7 P50 20055.0 P95 28556.0 Count 10
video_3_1_2_2_F Mean 21203.9 P50 20203.0 P95 27269.0 Count 10
video_3_1_0_2_F Mean 20775.0 P50 20204.0 P95 22040.0 Count 10
video_3_1_3_2_F Mean 21208.6 P50 20283.0 P95 23749.0 Count 10
video_3_1_0_2_S Mean 20678.5 P50 20562.0 P95 25949.0 Count 10
video_3_1_2_0_S Mean 20993.3 P50 20574.0 P95 22874.0 Count 10
video_3_1_0_1_F Mean 22857.0 P50 20977.0 P95 24738.0 Count 2
video_3_1_1_2_F Mean 21502.3 P50 21356.0 P95 24952.0 Count 10
video_3_1_1_1_F Mean 22453.0 P50 21750.0 P95 25145.0 Count 10
video_3_1_1_0_F Mean 21515.2 P50 21878.0 P95 23431.0 Count 10
video_3_1_2_1_F Mean 21866.1 P50 21935.0 P95 23975.0 Count 10
video_3_1_0_0_F Mean 21926.3 P50 22027.0 P95 23802.0 Count 10
video_3_1_3_1_F Mean 22580.7 P50 22573.0 P95 26296.0 Count 10
video_3_1_3_0_F Mean 24534.7 P50 24017.0 P95 28182.0 Count 10
video_3_1_2_0_F Mean 25554.0 P50 25555.0 P95 25555.0 Count 1
video_3_1_3_0_S Mean 26636.0 P50 26637.0 P95 26637.0 Count 1
Sort by P95:
video_3_1_1_2_T Mean 17011.8 P50 17324.0 P95 19049.0 Count 10
video_3_1_1_0_S Mean 19454.5 P50 19579.0 P95 20502.0 Count 10
video_3_1_2_1_T Mean 16997.5 P50 16082.0 P95 20946.0 Count 10
video_3_1_2_2_T Mean 17834.5 P50 17605.0 P95 21249.0 Count 10
video_3_1_3_1_T Mean 16783.7 P50 16762.0 P95 21340.0 Count 10
video_3_1_3_1_S Mean 18405.5 P50 18429.0 P95 21348.0 Count 10
video_3_1_1_2_S Mean 19737.5 P50 19610.0 P95 21631.0 Count 10
video_3_1_3_2_T Mean 18297.4 P50 17999.0 P95 21636.0 Count 10
video_3_1_2_1_S Mean 18890.1 P50 18661.0 P95 21786.0 Count 10
video_3_1_0_1_T Mean 17957.7 P50 16593.0 P95 21878.0 Count 10
video_3_1_1_1_S Mean 18192.7 P50 16911.0 P95 21914.0 Count 10
video_3_1_3_2_S Mean 19861.3 P50 19586.0 P95 22001.0 Count 10
video_3_1_0_2_F Mean 20775.0 P50 20204.0 P95 22040.0 Count 10
video_3_1_1_0_T Mean 15777.8 P50 14693.0 P95 22350.0 Count 10
video_3_1_1_1_T Mean 17521.6 P50 15871.0 P95 22736.0 Count 10
video_3_1_0_0_S Mean 20207.4 P50 19905.0 P95 22742.0 Count 10
video_3_1_2_0_S Mean 20993.3 P50 20574.0 P95 22874.0 Count 10
video_3_1_0_1_S Mean 18338.0 P50 18387.0 P95 23093.0 Count 10
video_3_1_1_0_F Mean 21515.2 P50 21878.0 P95 23431.0 Count 10
video_3_1_3_2_F Mean 21208.6 P50 20283.0 P95 23749.0 Count 10
video_3_1_0_0_F Mean 21926.3 P50 22027.0 P95 23802.0 Count 10
video_3_1_2_1_F Mean 21866.1 P50 21935.0 P95 23975.0 Count 10
video_3_1_0_0_T Mean 19492.0 P50 18347.0 P95 24047.0 Count 10
video_3_1_0_1_F Mean 22857.0 P50 20977.0 P95 24738.0 Count 2
video_3_1_1_2_F Mean 21502.3 P50 21356.0 P95 24952.0 Count 10
video_3_1_0_2_T Mean 18267.1 P50 17482.0 P95 25104.0 Count 10
video_3_1_1_1_F Mean 22453.0 P50 21750.0 P95 25145.0 Count 10
video_3_1_2_0_F Mean 25554.0 P50 25555.0 P95 25555.0 Count 1
video_3_1_0_2_S Mean 20678.5 P50 20562.0 P95 25949.0 Count 10
video_3_1_3_1_F Mean 22580.7 P50 22573.0 P95 26296.0 Count 10
video_3_1_3_0_S Mean 26636.0 P50 26637.0 P95 26637.0 Count 1
video_3_1_2_2_F Mean 21203.9 P50 20203.0 P95 27269.0 Count 10
video_3_1_2_0_T Mean 19576.2 P50 17652.0 P95 27791.0 Count 10
video_3_1_3_0_F Mean 24534.7 P50 24017.0 P95 28182.0 Count 10
video_3_1_2_2_S Mean 20992.7 P50 20055.0 P95 28556.0 Count 10
