Sort by Mean:
video_3_1_1_0_F Mean 27501.2 P50 27882.0 P95 30496.0 Count 20
video_3_1_2_1_F Mean 27875.38 P50 28170.0 P95 32253.0 Count 40
video_3_1_0_0_F Mean 27877.8 P50 27209.0 P95 34391.0 Count 40
video_3_1_3_1_F Mean 28363.55 P50 27489.0 P95 36699.0 Count 40
video_3_1_0_1_F Mean 28763.4 P50 28504.0 P95 38353.0 Count 10
video_3_1_1_1_F Mean 28861.78 P50 27928.0 P95 37635.0 Count 40
video_3_1_2_0_F Mean 29132.6 P50 28554.0 P95 35054.0 Count 40
video_3_1_4_1_F Mean 31165.45 P50 30438.0 P95 40454.0 Count 20
video_3_1_5_1_F Mean 31369.2 P50 30449.0 P95 39147.0 Count 20
video_3_1_6_1_F Mean 32447.55 P50 32916.0 P95 41231.0 Count 20
video_3_1_0_2_F Mean 33084.7 P50 31898.0 P95 35825.0 Count 10
video_3_1_4_2_F Mean 33194.17 P50 32956.0 P95 35321.0 Count 29
video_3_1_5_2_F Mean 33275.7 P50 33150.0 P95 35340.0 Count 10
video_3_1_2_2_F Mean 33356.6 P50 32883.0 P95 37186.0 Count 10
video_3_1_1_2_F Mean 33393.8 P50 33212.0 P95 34772.0 Count 10
video_3_1_6_2_F Mean 33687.0 P50 33171.0 P95 40603.0 Count 10
video_3_1_3_2_F Mean 33732.2 P50 33666.0 P95 35315.0 Count 10
video_3_1_3_0_F Mean 34026.2 P50 32578.0 P95 41907.0 Count 10
video_3_1_6_0_F Mean 43552.7 P50 46555.0 P95 49939.0 Count 10
video_3_1_4_0_F Mean 43730.2 P50 42655.0 P95 51516.0 Count 10
video_3_1_5_0_F Mean 44191.2 P50 45810.0 P95 51165.0 Count 10
Sort by P50:
video_3_1_0_0_F Mean 27877.8 P50 27209.0 P95 34391.0 Count 40
video_3_1_3_1_F Mean 28363.55 P50 27489.0 P95 36699.0 Count 40
video_3_1_1_0_F Mean 27501.2 P50 27882.0 P95 30496.0 Count 20
video_3_1_1_1_F Mean 28861.78 P50 27928.0 P95 37635.0 Count 40
video_3_1_2_1_F Mean 27875.38 P50 28170.0 P95 32253.0 Count 40
video_3_1_0_1_F Mean 28763.4 P50 28504.0 P95 38353.0 Count 10
video_3_1_2_0_F Mean 29132.6 P50 28554.0 P95 35054.0 Count 40
video_3_1_4_1_F Mean 31165.45 P50 30438.0 P95 40454.0 Count 20
video_3_1_5_1_F Mean 31369.2 P50 30449.0 P95 39147.0 Count 20
video_3_1_0_2_F Mean 33084.7 P50 31898.0 P95 35825.0 Count 10
video_3_1_3_0_F Mean 34026.2 P50 32578.0 P95 41907.0 Count 10
video_3_1_2_2_F Mean 33356.6 P50 32883.0 P95 37186.0 Count 10
video_3_1_6_1_F Mean 32447.55 P50 32916.0 P95 41231.0 Count 20
video_3_1_4_2_F Mean 33194.17 P50 32956.0 P95 35321.0 Count 29
video_3_1_5_2_F Mean 33275.7 P50 33150.0 P95 35340.0 Count 10
video_3_1_6_2_F Mean 33687.0 P50 33171.0 P95 40603.0 Count 10
video_3_1_1_2_F Mean 33393.8 P50 33212.0 P95 34772.0 Count 10
video_3_1_3_2_F Mean 33732.2 P50 33666.0 P95 35315.0 Count 10
video_3_1_4_0_F Mean 43730.2 P50 42655.0 P95 51516.0 Count 10
video_3_1_5_0_F Mean 44191.2 P50 45810.0 P95 51165.0 Count 10
video_3_1_6_0_F Mean 43552.7 P50 46555.0 P95 49939.0 Count 10
Sort by P95:
video_3_1_1_0_F Mean 27501.2 P50 27882.0 P95 30496.0 Count 20
video_3_1_2_1_F Mean 27875.38 P50 28170.0 P95 32253.0 Count 40
video_3_1_0_0_F Mean 27877.8 P50 27209.0 P95 34391.0 Count 40
video_3_1_1_2_F Mean 33393.8 P50 33212.0 P95 34772.0 Count 10
video_3_1_2_0_F Mean 29132.6 P50 28554.0 P95 35054.0 Count 40
video_3_1_3_2_F Mean 33732.2 P50 33666.0 P95 35315.0 Count 10
video_3_1_4_2_F Mean 33194.17 P50 32956.0 P95 35321.0 Count 29
video_3_1_5_2_F Mean 33275.7 P50 33150.0 P95 35340.0 Count 10
video_3_1_0_2_F Mean 33084.7 P50 31898.0 P95 35825.0 Count 10
video_3_1_3_1_F Mean 28363.55 P50 27489.0 P95 36699.0 Count 40
video_3_1_2_2_F Mean 33356.6 P50 32883.0 P95 37186.0 Count 10
video_3_1_1_1_F Mean 28861.78 P50 27928.0 P95 37635.0 Count 40
video_3_1_0_1_F Mean 28763.4 P50 28504.0 P95 38353.0 Count 10
video_3_1_5_1_F Mean 31369.2 P50 30449.0 P95 39147.0 Count 20
video_3_1_4_1_F Mean 31165.45 P50 30438.0 P95 40454.0 Count 20
video_3_1_6_2_F Mean 33687.0 P50 33171.0 P95 40603.0 Count 10
video_3_1_6_1_F Mean 32447.55 P50 32916.0 P95 41231.0 Count 20
video_3_1_3_0_F Mean 34026.2 P50 32578.0 P95 41907.0 Count 10
video_3_1_6_0_F Mean 43552.7 P50 46555.0 P95 49939.0 Count 10
video_3_1_5_0_F Mean 44191.2 P50 45810.0 P95 51165.0 Count 10
video_3_1_4_0_F Mean 43730.2 P50 42655.0 P95 51516.0 Count 10
