Sort by Mean:
video_3_1_1_- Mean 58259.43 P50 56308.0 P95 69753.0 Count 30
video_3_1_2_- Mean 61835.7 P50 60788.0 P95 73875.0 Count 30
video_3_1_3_- Mean 65027.07 P50 64547.0 P95 74751.0 Count 30
video_3_1_0_- Mean 65958.9 P50 65463.0 P95 79041.0 Count 30
video_3_1_-_- Mean 69354.73 P50 68120.0 P95 83990.0 Count 11
video_3_2_-_- Mean 121152.67 P50 59434.0 P95 252137.0 Count 3
video_3_2_3_- Mean 182657.5 P50 163436.0 P95 315609.0 Count 30
video_3_2_0_- Mean 183626.2 P50 155702.0 P95 409231.0 Count 30
video_3_2_2_- Mean 189265.95 P50 171830.0 P95 306715.0 Count 38
video_3_2_1_- Mean 190517.97 P50 161253.0 P95 428396.0 Count 32
video_3_-_-_- Mean 212017.8 P50 206148.0 P95 259830.0 Count 5
Sort by P50:
video_3_1_1_- Mean 58259.43 P50 56308.0 P95 69753.0 Count 30
video_3_2_-_- Mean 121152.67 P50 59434.0 P95 252137.0 Count 3
video_3_1_2_- Mean 61835.7 P50 60788.0 P95 73875.0 Count 30
video_3_1_3_- Mean 65027.07 P50 64547.0 P95 74751.0 Count 30
video_3_1_0_- Mean 65958.9 P50 65463.0 P95 79041.0 Count 30
video_3_1_-_- Mean 69354.73 P50 68120.0 P95 83990.0 Count 11
video_3_2_0_- Mean 183626.2 P50 155702.0 P95 409231.0 Count 30
video_3_2_1_- Mean 190517.97 P50 161253.0 P95 428396.0 Count 32
video_3_2_3_- Mean 182657.5 P50 163436.0 P95 315609.0 Count 30
video_3_2_2_- Mean 189265.95 P50 171830.0 P95 306715.0 Count 38
video_3_-_-_- Mean 212017.8 P50 206148.0 P95 259830.0 Count 5
Sort by P95:
video_3_1_1_- Mean 58259.43 P50 56308.0 P95 69753.0 Count 30
video_3_1_2_- Mean 61835.7 P50 60788.0 P95 73875.0 Count 30
video_3_1_3_- Mean 65027.07 P50 64547.0 P95 74751.0 Count 30
video_3_1_0_- Mean 65958.9 P50 65463.0 P95 79041.0 Count 30
video_3_1_-_- Mean 69354.73 P50 68120.0 P95 83990.0 Count 11
video_3_2_-_- Mean 121152.67 P50 59434.0 P95 252137.0 Count 3
video_3_-_-_- Mean 212017.8 P50 206148.0 P95 259830.0 Count 5
video_3_2_2_- Mean 189265.95 P50 171830.0 P95 306715.0 Count 38
video_3_2_3_- Mean 182657.5 P50 163436.0 P95 315609.0 Count 30
video_3_2_0_- Mean 183626.2 P50 155702.0 P95 409231.0 Count 30
video_3_2_1_- Mean 190517.97 P50 161253.0 P95 428396.0 Count 32
