Sort by Mean:
video_3_1_1_- Mean 57372.15 P50 56099.0 P95 69753.0 Count 20
video_3_1_2_- Mean 57655.0 P50 58465.0 P95 63101.0 Count 10
video_3_1_3_- Mean 68780.9 P50 68645.0 P95 75168.0 Count 10
video_3_1_0_- Mean 69017.8 P50 67502.0 P95 80530.0 Count 10
video_3_1_-_- Mean 69354.73 P50 68120.0 P95 83990.0 Count 11
video_3_2_-_- Mean 121152.67 P50 59434.0 P95 252137.0 Count 3
video_3_2_2_- Mean 202770.54 P50 258101.0 P95 312254.0 Count 13
video_3_-_-_- Mean 212017.8 P50 206148.0 P95 259830.0 Count 5
video_3_2_0_- Mean 217618.46 P50 160052.0 P95 544005.0 Count 13
video_3_2_1_- Mean 240264.0 P50 56942.0 P95 423587.0 Count 2
video_3_2_3_- Mean 250801.5 P50 256787.0 P95 316877.0 Count 10
Sort by P50:
video_3_1_1_- Mean 57372.15 P50 56099.0 P95 69753.0 Count 20
video_3_2_1_- Mean 240264.0 P50 56942.0 P95 423587.0 Count 2
video_3_1_2_- Mean 57655.0 P50 58465.0 P95 63101.0 Count 10
video_3_2_-_- Mean 121152.67 P50 59434.0 P95 252137.0 Count 3
video_3_1_0_- Mean 69017.8 P50 67502.0 P95 80530.0 Count 10
video_3_1_-_- Mean 69354.73 P50 68120.0 P95 83990.0 Count 11
video_3_1_3_- Mean 68780.9 P50 68645.0 P95 75168.0 Count 10
video_3_2_0_- Mean 217618.46 P50 160052.0 P95 544005.0 Count 13
video_3_-_-_- Mean 212017.8 P50 206148.0 P95 259830.0 Count 5
video_3_2_3_- Mean 250801.5 P50 256787.0 P95 316877.0 Count 10
video_3_2_2_- Mean 202770.54 P50 258101.0 P95 312254.0 Count 13
Sort by P95:
video_3_1_2_- Mean 57655.0 P50 58465.0 P95 63101.0 Count 10
video_3_1_1_- Mean 57372.15 P50 56099.0 P95 69753.0 Count 20
video_3_1_3_- Mean 68780.9 P50 68645.0 P95 75168.0 Count 10
video_3_1_0_- Mean 69017.8 P50 67502.0 P95 80530.0 Count 10
video_3_1_-_- Mean 69354.73 P50 68120.0 P95 83990.0 Count 11
video_3_2_-_- Mean 121152.67 P50 59434.0 P95 252137.0 Count 3
video_3_-_-_- Mean 212017.8 P50 206148.0 P95 259830.0 Count 5
video_3_2_2_- Mean 202770.54 P50 258101.0 P95 312254.0 Count 13
video_3_2_3_- Mean 250801.5 P50 256787.0 P95 316877.0 Count 10
video_3_2_1_- Mean 240264.0 P50 56942.0 P95 423587.0 Count 2
video_3_2_0_- Mean 217618.46 P50 160052.0 P95 544005.0 Count 13
