Sort by Mean:
video_1_1_0_0_T Mean 2420.8 P50 2808.0 P95 3262.0 Count 10
video_1_1_2_1_F Mean 2532.8 P50 2642.0 P95 3646.0 Count 10
video_1_1_3_0_T Mean 2534.5 P50 2647.0 P95 3328.0 Count 10
video_1_1_3_2_T Mean 2603.3 P50 2570.0 P95 2873.0 Count 10
video_1_1_2_1_T Mean 2615.0 P50 2516.0 P95 2924.0 Count 10
video_1_1_0_1_T Mean 2617.0 P50 2524.0 P95 3269.0 Count 10
video_1_1_1_1_F Mean 2628.0 P50 2557.0 P95 2844.0 Count 10
video_1_1_1_2_T Mean 2645.7 P50 2566.0 P95 3058.0 Count 10
video_1_1_0_2_F Mean 2652.6 P50 2547.0 P95 3232.0 Count 10
video_1_1_1_2_F Mean 2652.9 P50 2600.0 P95 3028.0 Count 10
video_1_1_2_2_F Mean 2665.2 P50 2606.0 P95 2900.0 Count 10
video_1_1_0_1_F Mean 2670.2 P50 2624.0 P95 2866.0 Count 10
video_1_1_1_1_T Mean 2688.5 P50 2652.0 P95 2931.0 Count 10
video_1_1_0_2_T Mean 2707.5 P50 2594.0 P95 3073.0 Count 10
video_1_1_3_1_T Mean 2749.5 P50 2706.0 P95 3102.0 Count 10
video_3_1_3_2_T Mean 2752.7 P50 2682.0 P95 3542.0 Count 10
video_1_1_3_2_F Mean 2792.7 P50 2724.0 P95 4777.0 Count 10
video_1_1_3_1_F Mean 2795.4 P50 2734.0 P95 3039.0 Count 10
video_1_1_2_2_T Mean 2804.2 P50 2659.0 P95 4081.0 Count 10
video_1_1_2_0_F Mean 2828.2 P50 2782.0 P95 3125.0 Count 10
video_1_1_2_0_T Mean 2891.7 P50 3149.0 P95 3555.0 Count 10
video_1_1_1_0_T Mean 2937.9 P50 3114.0 P95 3599.0 Count 10
video_1_1_3_0_F Mean 2990.9 P50 2917.0 P95 3986.0 Count 10
video_1_1_0_0_F Mean 3017.0 P50 2914.0 P95 3593.0 Count 10
video_1_1_1_0_F Mean 3035.6 P50 3120.0 P95 3958.0 Count 10
Sort by P50:
video_1_1_2_1_T Mean 2615.0 P50 2516.0 P95 2924.0 Count 10
video_1_1_0_1_T Mean 2617.0 P50 2524.0 P95 3269.0 Count 10
video_1_1_0_2_F Mean 2652.6 P50 2547.0 P95 3232.0 Count 10
video_1_1_1_1_F Mean 2628.0 P50 2557.0 P95 2844.0 Count 10
video_1_1_1_2_T Mean 2645.7 P50 2566.0 P95 3058.0 Count 10
video_1_1_3_2_T Mean 2603.3 P50 2570.0 P95 2873.0 Count 10
video_1_1_0_2_T Mean 2707.5 P50 2594.0 P95 3073.0 Count 10
video_1_1_1_2_F Mean 2652.9 P50 2600.0 P95 3028.0 Count 10
video_1_1_2_2_F Mean 2665.2 P50 2606.0 P95 2900.0 Count 10
video_1_1_0_1_F Mean 2670.2 P50 2624.0 P95 2866.0 Count 10
video_1_1_2_1_F Mean 2532.8 P50 2642.0 P95 3646.0 Count 10
video_1_1_3_0_T Mean 2534.5 P50 2647.0 P95 3328.0 Count 10
video_1_1_1_1_T Mean 2688.5 P50 2652.0 P95 2931.0 Count 10
video_1_1_2_2_T Mean 2804.2 P50 2659.0 P95 4081.0 Count 10
video_3_1_3_2_T Mean 2752.7 P50 2682.0 P95 3542.0 Count 10
video_1_1_3_1_T Mean 2749.5 P50 2706.0 P95 3102.0 Count 10
video_1_1_3_2_F Mean 2792.7 P50 2724.0 P95 4777.0 Count 10
video_1_1_3_1_F Mean 2795.4 P50 2734.0 P95 3039.0 Count 10
video_1_1_2_0_F Mean 2828.2 P50 2782.0 P95 3125.0 Count 10
video_1_1_0_0_T Mean 2420.8 P50 2808.0 P95 3262.0 Count 10
video_1_1_0_0_F Mean 3017.0 P50 2914.0 P95 3593.0 Count 10
video_1_1_3_0_F Mean 2990.9 P50 2917.0 P95 3986.0 Count 10
video_1_1_1_0_T Mean 2937.9 P50 3114.0 P95 3599.0 Count 10
video_1_1_1_0_F Mean 3035.6 P50 3120.0 P95 3958.0 Count 10
video_1_1_2_0_T Mean 2891.7 P50 3149.0 P95 3555.0 Count 10
Sort by P95:
video_1_1_1_1_F Mean 2628.0 P50 2557.0 P95 2844.0 Count 10
video_1_1_0_1_F Mean 2670.2 P50 2624.0 P95 2866.0 Count 10
video_1_1_3_2_T Mean 2603.3 P50 2570.0 P95 2873.0 Count 10
video_1_1_2_2_F Mean 2665.2 P50 2606.0 P95 2900.0 Count 10
video_1_1_2_1_T Mean 2615.0 P50 2516.0 P95 2924.0 Count 10
video_1_1_1_1_T Mean 2688.5 P50 2652.0 P95 2931.0 Count 10
video_1_1_1_2_F Mean 2652.9 P50 2600.0 P95 3028.0 Count 10
video_1_1_3_1_F Mean 2795.4 P50 2734.0 P95 3039.0 Count 10
video_1_1_1_2_T Mean 2645.7 P50 2566.0 P95 3058.0 Count 10
video_1_1_0_2_T Mean 2707.5 P50 2594.0 P95 3073.0 Count 10
video_1_1_3_1_T Mean 2749.5 P50 2706.0 P95 3102.0 Count 10
video_1_1_2_0_F Mean 2828.2 P50 2782.0 P95 3125.0 Count 10
video_1_1_0_2_F Mean 2652.6 P50 2547.0 P95 3232.0 Count 10
video_1_1_0_0_T Mean 2420.8 P50 2808.0 P95 3262.0 Count 10
video_1_1_0_1_T Mean 2617.0 P50 2524.0 P95 3269.0 Count 10
video_1_1_3_0_T Mean 2534.5 P50 2647.0 P95 3328.0 Count 10
video_3_1_3_2_T Mean 2752.7 P50 2682.0 P95 3542.0 Count 10
video_1_1_2_0_T Mean 2891.7 P50 3149.0 P95 3555.0 Count 10
video_1_1_0_0_F Mean 3017.0 P50 2914.0 P95 3593.0 Count 10
video_1_1_1_0_T Mean 2937.9 P50 3114.0 P95 3599.0 Count 10
video_1_1_2_1_F Mean 2532.8 P50 2642.0 P95 3646.0 Count 10
video_1_1_1_0_F Mean 3035.6 P50 3120.0 P95 3958.0 Count 10
video_1_1_3_0_F Mean 2990.9 P50 2917.0 P95 3986.0 Count 10
video_1_1_2_2_T Mean 2804.2 P50 2659.0 P95 4081.0 Count 10
video_1_1_3_2_F Mean 2792.7 P50 2724.0 P95 4777.0 Count 10
