Sort by Mean:
video_3_1_2_2_T Mean 18000.18 P50 17473.0 P95 23317.0 Count 11
video_3_1_2_2_S Mean 18616.6 P50 18503.0 P95 22391.0 Count 10
video_3_1_2_2_F Mean 20225.4 P50 19490.0 P95 23408.0 Count 10
ml_1_1_3_0_S Mean 42087.42 P50 45740.0 P95 56788.0 Count 19
ml_1_1_3_0_T Mean 42274.9 P50 33741.0 P95 61859.0 Count 20
ml_1_1_3_0_F Mean 48700.55 P50 39481.0 P95 86632.0 Count 20
Sort by P50:
video_3_1_2_2_T Mean 18000.18 P50 17473.0 P95 23317.0 Count 11
video_3_1_2_2_S Mean 18616.6 P50 18503.0 P95 22391.0 Count 10
video_3_1_2_2_F Mean 20225.4 P50 19490.0 P95 23408.0 Count 10
ml_1_1_3_0_T Mean 42274.9 P50 33741.0 P95 61859.0 Count 20
ml_1_1_3_0_F Mean 48700.55 P50 39481.0 P95 86632.0 Count 20
ml_1_1_3_0_S Mean 42087.42 P50 45740.0 P95 56788.0 Count 19
Sort by P95:
video_3_1_2_2_S Mean 18616.6 P50 18503.0 P95 22391.0 Count 10
video_3_1_2_2_T Mean 18000.18 P50 17473.0 P95 23317.0 Count 11
video_3_1_2_2_F Mean 20225.4 P50 19490.0 P95 23408.0 Count 10
ml_1_1_3_0_S Mean 42087.42 P50 45740.0 P95 56788.0 Count 19
ml_1_1_3_0_T Mean 42274.9 P50 33741.0 P95 61859.0 Count 20
ml_1_1_3_0_F Mean 48700.55 P50 39481.0 P95 86632.0 Count 20
