Sort by Mean:
video_3_1_1_1_F Mean 25586.29 P50 25287.0 P95 28308.0 Count 58
video_3_1_0_1_F Mean 25753.98 P50 25457.0 P95 28948.0 Count 100
video_3_1_3_1_F Mean 25860.63 P50 25298.0 P95 30718.0 Count 100
video_3_1_2_1_F Mean 26069.03 P50 26049.0 P95 29262.0 Count 30
video_3_1_4_1_F Mean 26483.06 P50 25675.0 P95 31706.0 Count 50
video_3_1_4_3_F Mean 26608.65 P50 26353.0 P95 28252.0 Count 20
video_3_1_1_0_F Mean 26654.53 P50 26336.0 P95 29188.0 Count 30
video_3_1_1_3_F Mean 26714.97 P50 26031.0 P95 28935.0 Count 30
video_3_1_2_3_F Mean 26754.2 P50 26475.0 P95 28522.0 Count 20
video_3_1_0_0_F Mean 26784.3 P50 26535.0 P95 28418.0 Count 20
video_3_1_2_2_F Mean 26864.35 P50 26936.0 P95 29069.0 Count 20
video_3_1_1_2_F Mean 27185.8 P50 27101.0 P95 31471.0 Count 10
video_3_1_3_0_F Mean 27191.05 P50 26455.0 P95 32098.0 Count 20
video_3_1_5_1_F Mean 27257.65 P50 26620.0 P95 31006.0 Count 20
video_3_1_4_2_F Mean 27332.3 P50 26775.0 P95 30018.0 Count 10
video_3_1_2_0_F Mean 27346.73 P50 27225.0 P95 31024.0 Count 15
video_3_1_6_2_F Mean 27357.8 P50 26898.0 P95 31088.0 Count 10
video_3_1_0_3_F Mean 27496.4 P50 26481.0 P95 29051.0 Count 20
video_3_1_6_1_F Mean 27693.03 P50 27191.0 P95 34222.0 Count 40
video_3_1_0_2_F Mean 27890.45 P50 27462.0 P95 31026.0 Count 20
video_3_1_3_2_F Mean 27983.5 P50 27515.0 P95 30319.0 Count 10
video_3_1_6_3_F Mean 28110.2 P50 27588.0 P95 35789.0 Count 10
video_3_1_5_2_F Mean 28692.3 P50 27080.0 P95 34767.0 Count 10
video_3_1_5_3_F Mean 28711.1 P50 27184.0 P95 43099.0 Count 10
video_3_1_3_3_F Mean 29472.5 P50 26883.0 P95 42893.0 Count 10
video_3_1_4_0_F Mean 29939.0 P50 27410.0 P95 36345.0 Count 10
video_3_1_5_0_F Mean 31125.3 P50 29135.0 P95 39465.0 Count 10
video_3_1_6_0_F Mean 36236.9 P50 37504.0 P95 40407.0 Count 10
video_3_0_-_0_F Mean 224865.67 P50 305983.0 P95 306067.0 Count 3
Sort by P50:
video_3_1_1_1_F Mean 25586.29 P50 25287.0 P95 28308.0 Count 58
video_3_1_3_1_F Mean 25860.63 P50 25298.0 P95 30718.0 Count 100
video_3_1_0_1_F Mean 25753.98 P50 25457.0 P95 28948.0 Count 100
video_3_1_4_1_F Mean 26483.06 P50 25675.0 P95 31706.0 Count 50
video_3_1_1_3_F Mean 26714.97 P50 26031.0 P95 28935.0 Count 30
video_3_1_2_1_F Mean 26069.03 P50 26049.0 P95 29262.0 Count 30
video_3_1_1_0_F Mean 26654.53 P50 26336.0 P95 29188.0 Count 30
video_3_1_4_3_F Mean 26608.65 P50 26353.0 P95 28252.0 Count 20
video_3_1_3_0_F Mean 27191.05 P50 26455.0 P95 32098.0 Count 20
video_3_1_2_3_F Mean 26754.2 P50 26475.0 P95 28522.0 Count 20
video_3_1_0_3_F Mean 27496.4 P50 26481.0 P95 29051.0 Count 20
video_3_1_0_0_F Mean 26784.3 P50 26535.0 P95 28418.0 Count 20
video_3_1_5_1_F Mean 27257.65 P50 26620.0 P95 31006.0 Count 20
video_3_1_4_2_F Mean 27332.3 P50 26775.0 P95 30018.0 Count 10
video_3_1_3_3_F Mean 29472.5 P50 26883.0 P95 42893.0 Count 10
video_3_1_6_2_F Mean 27357.8 P50 26898.0 P95 31088.0 Count 10
video_3_1_2_2_F Mean 26864.35 P50 26936.0 P95 29069.0 Count 20
video_3_1_5_2_F Mean 28692.3 P50 27080.0 P95 34767.0 Count 10
video_3_1_1_2_F Mean 27185.8 P50 27101.0 P95 31471.0 Count 10
video_3_1_5_3_F Mean 28711.1 P50 27184.0 P95 43099.0 Count 10
video_3_1_6_1_F Mean 27693.03 P50 27191.0 P95 34222.0 Count 40
video_3_1_2_0_F Mean 27346.73 P50 27225.0 P95 31024.0 Count 15
video_3_1_4_0_F Mean 29939.0 P50 27410.0 P95 36345.0 Count 10
video_3_1_0_2_F Mean 27890.45 P50 27462.0 P95 31026.0 Count 20
video_3_1_3_2_F Mean 27983.5 P50 27515.0 P95 30319.0 Count 10
video_3_1_6_3_F Mean 28110.2 P50 27588.0 P95 35789.0 Count 10
video_3_1_5_0_F Mean 31125.3 P50 29135.0 P95 39465.0 Count 10
video_3_1_6_0_F Mean 36236.9 P50 37504.0 P95 40407.0 Count 10
video_3_0_-_0_F Mean 224865.67 P50 305983.0 P95 306067.0 Count 3
Sort by P95:
video_3_1_4_3_F Mean 26608.65 P50 26353.0 P95 28252.0 Count 20
video_3_1_1_1_F Mean 25586.29 P50 25287.0 P95 28308.0 Count 58
video_3_1_0_0_F Mean 26784.3 P50 26535.0 P95 28418.0 Count 20
video_3_1_2_3_F Mean 26754.2 P50 26475.0 P95 28522.0 Count 20
video_3_1_1_3_F Mean 26714.97 P50 26031.0 P95 28935.0 Count 30
video_3_1_0_1_F Mean 25753.98 P50 25457.0 P95 28948.0 Count 100
video_3_1_0_3_F Mean 27496.4 P50 26481.0 P95 29051.0 Count 20
video_3_1_2_2_F Mean 26864.35 P50 26936.0 P95 29069.0 Count 20
video_3_1_1_0_F Mean 26654.53 P50 26336.0 P95 29188.0 Count 30
video_3_1_2_1_F Mean 26069.03 P50 26049.0 P95 29262.0 Count 30
video_3_1_4_2_F Mean 27332.3 P50 26775.0 P95 30018.0 Count 10
video_3_1_3_2_F Mean 27983.5 P50 27515.0 P95 30319.0 Count 10
video_3_1_3_1_F Mean 25860.63 P50 25298.0 P95 30718.0 Count 100
video_3_1_5_1_F Mean 27257.65 P50 26620.0 P95 31006.0 Count 20
video_3_1_2_0_F Mean 27346.73 P50 27225.0 P95 31024.0 Count 15
video_3_1_0_2_F Mean 27890.45 P50 27462.0 P95 31026.0 Count 20
video_3_1_6_2_F Mean 27357.8 P50 26898.0 P95 31088.0 Count 10
video_3_1_1_2_F Mean 27185.8 P50 27101.0 P95 31471.0 Count 10
video_3_1_4_1_F Mean 26483.06 P50 25675.0 P95 31706.0 Count 50
video_3_1_3_0_F Mean 27191.05 P50 26455.0 P95 32098.0 Count 20
video_3_1_6_1_F Mean 27693.03 P50 27191.0 P95 34222.0 Count 40
video_3_1_5_2_F Mean 28692.3 P50 27080.0 P95 34767.0 Count 10
video_3_1_6_3_F Mean 28110.2 P50 27588.0 P95 35789.0 Count 10
video_3_1_4_0_F Mean 29939.0 P50 27410.0 P95 36345.0 Count 10
video_3_1_5_0_F Mean 31125.3 P50 29135.0 P95 39465.0 Count 10
video_3_1_6_0_F Mean 36236.9 P50 37504.0 P95 40407.0 Count 10
video_3_1_3_3_F Mean 29472.5 P50 26883.0 P95 42893.0 Count 10
video_3_1_5_3_F Mean 28711.1 P50 27184.0 P95 43099.0 Count 10
video_3_0_-_0_F Mean 224865.67 P50 305983.0 P95 306067.0 Count 3
