Sort by Mean:
video_3_1_1_1_F Mean 33807.55 P50 33326.0 P95 37320.0 Count 58
video_3_1_0_1_F Mean 33978.88 P50 33592.0 P95 37410.0 Count 100
video_3_1_3_1_F Mean 34208.19 P50 33452.0 P95 39074.0 Count 100
video_3_1_2_1_F Mean 34219.67 P50 34121.0 P95 37436.0 Count 30
video_3_1_4_1_F Mean 34697.54 P50 33834.0 P95 39757.0 Count 50
video_3_1_4_3_F Mean 34767.05 P50 34454.0 P95 36368.0 Count 20
video_3_1_1_3_F Mean 34812.47 P50 34169.0 P95 37041.0 Count 30
video_3_1_2_3_F Mean 35000.8 P50 34656.0 P95 36910.0 Count 20
video_3_1_2_2_F Mean 35018.55 P50 35130.0 P95 37252.0 Count 20
video_3_1_1_2_F Mean 35163.3 P50 35033.0 P95 39329.0 Count 10
video_3_1_1_0_F Mean 35240.07 P50 34672.0 P95 39578.0 Count 30
video_3_1_3_0_F Mean 35407.7 P50 34760.0 P95 40173.0 Count 20
video_3_1_6_2_F Mean 35452.6 P50 35355.0 P95 39544.0 Count 10
video_3_1_0_3_F Mean 35506.8 P50 34501.0 P95 36992.0 Count 20
video_3_1_4_2_F Mean 35532.2 P50 35122.0 P95 38348.0 Count 10
video_3_1_0_0_F Mean 35581.15 P50 35150.0 P95 39447.0 Count 20
video_3_1_5_1_F Mean 35740.5 P50 35022.0 P95 42837.0 Count 20
video_3_1_3_2_F Mean 35984.8 P50 35613.0 P95 38552.0 Count 10
video_3_1_0_2_F Mean 36154.4 P50 35920.0 P95 39551.0 Count 20
video_3_1_2_0_F Mean 36171.27 P50 35257.0 P95 44796.0 Count 15
video_3_1_6_3_F Mean 36225.9 P50 35741.0 P95 43984.0 Count 10
video_3_1_6_1_F Mean 36590.62 P50 35249.0 P95 42549.0 Count 40
video_3_1_5_3_F Mean 36818.6 P50 35151.0 P95 51165.0 Count 10
video_3_1_5_2_F Mean 37044.6 P50 35404.0 P95 43121.0 Count 10
video_3_1_3_3_F Mean 37526.0 P50 34935.0 P95 50869.0 Count 10
video_3_1_4_0_F Mean 38373.9 P50 35907.0 P95 44866.0 Count 10
video_3_1_5_0_F Mean 39361.2 P50 37564.0 P95 47578.0 Count 10
video_3_1_6_0_F Mean 44488.2 P50 45831.0 P95 48659.0 Count 10
Sort by P50:
video_3_1_1_1_F Mean 33807.55 P50 33326.0 P95 37320.0 Count 58
video_3_1_3_1_F Mean 34208.19 P50 33452.0 P95 39074.0 Count 100
video_3_1_0_1_F Mean 33978.88 P50 33592.0 P95 37410.0 Count 100
video_3_1_4_1_F Mean 34697.54 P50 33834.0 P95 39757.0 Count 50
video_3_1_2_1_F Mean 34219.67 P50 34121.0 P95 37436.0 Count 30
video_3_1_1_3_F Mean 34812.47 P50 34169.0 P95 37041.0 Count 30
video_3_1_4_3_F Mean 34767.05 P50 34454.0 P95 36368.0 Count 20
video_3_1_0_3_F Mean 35506.8 P50 34501.0 P95 36992.0 Count 20
video_3_1_2_3_F Mean 35000.8 P50 34656.0 P95 36910.0 Count 20
video_3_1_1_0_F Mean 35240.07 P50 34672.0 P95 39578.0 Count 30
video_3_1_3_0_F Mean 35407.7 P50 34760.0 P95 40173.0 Count 20
video_3_1_3_3_F Mean 37526.0 P50 34935.0 P95 50869.0 Count 10
video_3_1_5_1_F Mean 35740.5 P50 35022.0 P95 42837.0 Count 20
video_3_1_1_2_F Mean 35163.3 P50 35033.0 P95 39329.0 Count 10
video_3_1_4_2_F Mean 35532.2 P50 35122.0 P95 38348.0 Count 10
video_3_1_2_2_F Mean 35018.55 P50 35130.0 P95 37252.0 Count 20
video_3_1_0_0_F Mean 35581.15 P50 35150.0 P95 39447.0 Count 20
video_3_1_5_3_F Mean 36818.6 P50 35151.0 P95 51165.0 Count 10
video_3_1_6_1_F Mean 36590.62 P50 35249.0 P95 42549.0 Count 40
video_3_1_2_0_F Mean 36171.27 P50 35257.0 P95 44796.0 Count 15
video_3_1_6_2_F Mean 35452.6 P50 35355.0 P95 39544.0 Count 10
video_3_1_5_2_F Mean 37044.6 P50 35404.0 P95 43121.0 Count 10
video_3_1_3_2_F Mean 35984.8 P50 35613.0 P95 38552.0 Count 10
video_3_1_6_3_F Mean 36225.9 P50 35741.0 P95 43984.0 Count 10
video_3_1_4_0_F Mean 38373.9 P50 35907.0 P95 44866.0 Count 10
video_3_1_0_2_F Mean 36154.4 P50 35920.0 P95 39551.0 Count 20
video_3_1_5_0_F Mean 39361.2 P50 37564.0 P95 47578.0 Count 10
video_3_1_6_0_F Mean 44488.2 P50 45831.0 P95 48659.0 Count 10
Sort by P95:
video_3_1_4_3_F Mean 34767.05 P50 34454.0 P95 36368.0 Count 20
video_3_1_2_3_F Mean 35000.8 P50 34656.0 P95 36910.0 Count 20
video_3_1_0_3_F Mean 35506.8 P50 34501.0 P95 36992.0 Count 20
video_3_1_1_3_F Mean 34812.47 P50 34169.0 P95 37041.0 Count 30
video_3_1_2_2_F Mean 35018.55 P50 35130.0 P95 37252.0 Count 20
video_3_1_1_1_F Mean 33807.55 P50 33326.0 P95 37320.0 Count 58
video_3_1_0_1_F Mean 33978.88 P50 33592.0 P95 37410.0 Count 100
video_3_1_2_1_F Mean 34219.67 P50 34121.0 P95 37436.0 Count 30
video_3_1_4_2_F Mean 35532.2 P50 35122.0 P95 38348.0 Count 10
video_3_1_3_2_F Mean 35984.8 P50 35613.0 P95 38552.0 Count 10
video_3_1_3_1_F Mean 34208.19 P50 33452.0 P95 39074.0 Count 100
video_3_1_1_2_F Mean 35163.3 P50 35033.0 P95 39329.0 Count 10
video_3_1_0_0_F Mean 35581.15 P50 35150.0 P95 39447.0 Count 20
video_3_1_6_2_F Mean 35452.6 P50 35355.0 P95 39544.0 Count 10
video_3_1_0_2_F Mean 36154.4 P50 35920.0 P95 39551.0 Count 20
video_3_1_1_0_F Mean 35240.07 P50 34672.0 P95 39578.0 Count 30
video_3_1_4_1_F Mean 34697.54 P50 33834.0 P95 39757.0 Count 50
video_3_1_3_0_F Mean 35407.7 P50 34760.0 P95 40173.0 Count 20
video_3_1_6_1_F Mean 36590.62 P50 35249.0 P95 42549.0 Count 40
video_3_1_5_1_F Mean 35740.5 P50 35022.0 P95 42837.0 Count 20
video_3_1_5_2_F Mean 37044.6 P50 35404.0 P95 43121.0 Count 10
video_3_1_6_3_F Mean 36225.9 P50 35741.0 P95 43984.0 Count 10
video_3_1_2_0_F Mean 36171.27 P50 35257.0 P95 44796.0 Count 15
video_3_1_4_0_F Mean 38373.9 P50 35907.0 P95 44866.0 Count 10
video_3_1_5_0_F Mean 39361.2 P50 37564.0 P95 47578.0 Count 10
video_3_1_6_0_F Mean 44488.2 P50 45831.0 P95 48659.0 Count 10
video_3_1_3_3_F Mean 37526.0 P50 34935.0 P95 50869.0 Count 10
video_3_1_5_3_F Mean 36818.6 P50 35151.0 P95 51165.0 Count 10
