Sort by Mean:
video_3_1_0_1_T Mean 21519.7 P50 21628.0 P95 25541.0 Count 10
video_3_1_1_1_T Mean 21855.2 P50 22681.0 P95 26038.0 Count 10
video_3_1_2_1_T Mean 23004.6 P50 22814.0 P95 26865.0 Count 10
video_3_1_3_1_T Mean 23076.2 P50 22259.0 P95 28460.0 Count 10
video_3_1_0_2_T Mean 24148.3 P50 23834.0 P95 29245.0 Count 10
video_3_1_3_2_T Mean 24361.4 P50 22646.0 P95 33421.0 Count 10
video_3_1_2_0_T Mean 25146.7 P50 23809.0 P95 33435.0 Count 10
video_3_1_0_1_S Mean 25401.9 P50 25101.0 P95 28363.0 Count 10
video_3_1_3_1_S Mean 25464.8 P50 24345.0 P95 32243.0 Count 10
video_3_1_3_0_T Mean 25537.1 P50 23791.0 P95 33751.0 Count 10
video_3_1_1_2_T Mean 25721.4 P50 25779.0 P95 29536.0 Count 10
video_3_1_2_2_T Mean 25875.6 P50 23012.0 P95 32071.0 Count 10
video_3_1_2_1_S Mean 25991.4 P50 25579.0 P95 29948.0 Count 10
video_3_1_1_2_S Mean 26032.6 P50 24808.0 P95 33406.0 Count 10
video_3_1_1_0_T Mean 26101.9 P50 24279.0 P95 39927.0 Count 10
video_3_1_0_2_S Mean 26277.6 P50 24533.0 P95 33278.0 Count 10
video_3_1_2_0_S Mean 26993.9 P50 26378.0 P95 28973.0 Count 10
video_3_1_1_1_F Mean 27045.6 P50 27007.0 P95 29434.0 Count 10
video_3_1_2_2_S Mean 27190.7 P50 25835.0 P95 33886.0 Count 10
video_3_1_1_1_S Mean 27302.3 P50 27383.0 P95 31962.0 Count 10
video_3_1_0_2_F Mean 27672.9 P50 27558.0 P95 32045.0 Count 10
video_3_1_1_0_S Mean 27750.9 P50 27558.0 P95 31655.0 Count 10
video_3_1_3_0_S Mean 28504.9 P50 28314.0 P95 30762.0 Count 10
video_3_1_1_2_F Mean 28615.3 P50 28202.0 P95 34376.0 Count 10
video_3_1_0_1_F Mean 28634.0 P50 28439.0 P95 31846.0 Count 10
video_3_1_0_0_T Mean 28639.1 P50 27049.0 P95 38280.0 Count 10
video_3_1_3_2_S Mean 28670.1 P50 25568.0 P95 38749.0 Count 10
video_3_1_0_0_F Mean 28868.7 P50 28716.0 P95 31759.0 Count 10
video_3_1_2_1_F Mean 29069.5 P50 28867.0 P95 32967.0 Count 10
video_3_1_1_0_F Mean 29133.7 P50 28420.0 P95 34930.0 Count 10
video_3_1_3_1_F Mean 29268.1 P50 28204.0 P95 36343.0 Count 10
video_3_1_0_0_S Mean 29676.7 P50 28564.0 P95 38653.0 Count 10
video_3_1_3_2_F Mean 30165.7 P50 28820.0 P95 35973.0 Count 10
video_3_1_2_2_F Mean 30177.6 P50 27968.0 P95 38486.0 Count 10
video_3_1_2_0_F Mean 30771.8 P50 30429.0 P95 33880.0 Count 10
video_3_1_3_0_F Mean 31543.1 P50 31425.0 P95 34800.0 Count 10
Sort by P50:
video_3_1_0_1_T Mean 21519.7 P50 21628.0 P95 25541.0 Count 10
video_3_1_3_1_T Mean 23076.2 P50 22259.0 P95 28460.0 Count 10
video_3_1_3_2_T Mean 24361.4 P50 22646.0 P95 33421.0 Count 10
video_3_1_1_1_T Mean 21855.2 P50 22681.0 P95 26038.0 Count 10
video_3_1_2_1_T Mean 23004.6 P50 22814.0 P95 26865.0 Count 10
video_3_1_2_2_T Mean 25875.6 P50 23012.0 P95 32071.0 Count 10
video_3_1_3_0_T Mean 25537.1 P50 23791.0 P95 33751.0 Count 10
video_3_1_2_0_T Mean 25146.7 P50 23809.0 P95 33435.0 Count 10
video_3_1_0_2_T Mean 24148.3 P50 23834.0 P95 29245.0 Count 10
video_3_1_1_0_T Mean 26101.9 P50 24279.0 P95 39927.0 Count 10
video_3_1_3_1_S Mean 25464.8 P50 24345.0 P95 32243.0 Count 10
video_3_1_0_2_S Mean 26277.6 P50 24533.0 P95 33278.0 Count 10
video_3_1_1_2_S Mean 26032.6 P50 24808.0 P95 33406.0 Count 10
video_3_1_0_1_S Mean 25401.9 P50 25101.0 P95 28363.0 Count 10
video_3_1_3_2_S Mean 28670.1 P50 25568.0 P95 38749.0 Count 10
video_3_1_2_1_S Mean 25991.4 P50 25579.0 P95 29948.0 Count 10
video_3_1_1_2_T Mean 25721.4 P50 25779.0 P95 29536.0 Count 10
video_3_1_2_2_S Mean 27190.7 P50 25835.0 P95 33886.0 Count 10
video_3_1_2_0_S Mean 26993.9 P50 26378.0 P95 28973.0 Count 10
video_3_1_1_1_F Mean 27045.6 P50 27007.0 P95 29434.0 Count 10
video_3_1_0_0_T Mean 28639.1 P50 27049.0 P95 38280.0 Count 10
video_3_1_1_1_S Mean 27302.3 P50 27383.0 P95 31962.0 Count 10
video_3_1_0_2_F Mean 27672.9 P50 27558.0 P95 32045.0 Count 10
video_3_1_1_0_S Mean 27750.9 P50 27558.0 P95 31655.0 Count 10
video_3_1_2_2_F Mean 30177.6 P50 27968.0 P95 38486.0 Count 10
video_3_1_1_2_F Mean 28615.3 P50 28202.0 P95 34376.0 Count 10
video_3_1_3_1_F Mean 29268.1 P50 28204.0 P95 36343.0 Count 10
video_3_1_3_0_S Mean 28504.9 P50 28314.0 P95 30762.0 Count 10
video_3_1_1_0_F Mean 29133.7 P50 28420.0 P95 34930.0 Count 10
video_3_1_0_1_F Mean 28634.0 P50 28439.0 P95 31846.0 Count 10
video_3_1_0_0_S Mean 29676.7 P50 28564.0 P95 38653.0 Count 10
video_3_1_0_0_F Mean 28868.7 P50 28716.0 P95 31759.0 Count 10
video_3_1_3_2_F Mean 30165.7 P50 28820.0 P95 35973.0 Count 10
video_3_1_2_1_F Mean 29069.5 P50 28867.0 P95 32967.0 Count 10
video_3_1_2_0_F Mean 30771.8 P50 30429.0 P95 33880.0 Count 10
video_3_1_3_0_F Mean 31543.1 P50 31425.0 P95 34800.0 Count 10
Sort by P95:
video_3_1_0_1_T Mean 21519.7 P50 21628.0 P95 25541.0 Count 10
video_3_1_1_1_T Mean 21855.2 P50 22681.0 P95 26038.0 Count 10
video_3_1_2_1_T Mean 23004.6 P50 22814.0 P95 26865.0 Count 10
video_3_1_0_1_S Mean 25401.9 P50 25101.0 P95 28363.0 Count 10
video_3_1_3_1_T Mean 23076.2 P50 22259.0 P95 28460.0 Count 10
video_3_1_2_0_S Mean 26993.9 P50 26378.0 P95 28973.0 Count 10
video_3_1_0_2_T Mean 24148.3 P50 23834.0 P95 29245.0 Count 10
video_3_1_1_1_F Mean 27045.6 P50 27007.0 P95 29434.0 Count 10
video_3_1_1_2_T Mean 25721.4 P50 25779.0 P95 29536.0 Count 10
video_3_1_2_1_S Mean 25991.4 P50 25579.0 P95 29948.0 Count 10
video_3_1_3_0_S Mean 28504.9 P50 28314.0 P95 30762.0 Count 10
video_3_1_1_0_S Mean 27750.9 P50 27558.0 P95 31655.0 Count 10
video_3_1_0_0_F Mean 28868.7 P50 28716.0 P95 31759.0 Count 10
video_3_1_0_1_F Mean 28634.0 P50 28439.0 P95 31846.0 Count 10
video_3_1_1_1_S Mean 27302.3 P50 27383.0 P95 31962.0 Count 10
video_3_1_0_2_F Mean 27672.9 P50 27558.0 P95 32045.0 Count 10
video_3_1_2_2_T Mean 25875.6 P50 23012.0 P95 32071.0 Count 10
video_3_1_3_1_S Mean 25464.8 P50 24345.0 P95 32243.0 Count 10
video_3_1_2_1_F Mean 29069.5 P50 28867.0 P95 32967.0 Count 10
video_3_1_0_2_S Mean 26277.6 P50 24533.0 P95 33278.0 Count 10
video_3_1_1_2_S Mean 26032.6 P50 24808.0 P95 33406.0 Count 10
video_3_1_3_2_T Mean 24361.4 P50 22646.0 P95 33421.0 Count 10
video_3_1_2_0_T Mean 25146.7 P50 23809.0 P95 33435.0 Count 10
video_3_1_3_0_T Mean 25537.1 P50 23791.0 P95 33751.0 Count 10
video_3_1_2_0_F Mean 30771.8 P50 30429.0 P95 33880.0 Count 10
video_3_1_2_2_S Mean 27190.7 P50 25835.0 P95 33886.0 Count 10
video_3_1_1_2_F Mean 28615.3 P50 28202.0 P95 34376.0 Count 10
video_3_1_3_0_F Mean 31543.1 P50 31425.0 P95 34800.0 Count 10
video_3_1_1_0_F Mean 29133.7 P50 28420.0 P95 34930.0 Count 10
video_3_1_3_2_F Mean 30165.7 P50 28820.0 P95 35973.0 Count 10
video_3_1_3_1_F Mean 29268.1 P50 28204.0 P95 36343.0 Count 10
video_3_1_0_0_T Mean 28639.1 P50 27049.0 P95 38280.0 Count 10
video_3_1_2_2_F Mean 30177.6 P50 27968.0 P95 38486.0 Count 10
video_3_1_0_0_S Mean 29676.7 P50 28564.0 P95 38653.0 Count 10
video_3_1_3_2_S Mean 28670.1 P50 25568.0 P95 38749.0 Count 10
video_3_1_1_0_T Mean 26101.9 P50 24279.0 P95 39927.0 Count 10
