Sort by Mean:
video_3_1_3_1_F Mean 35026.21 P50 34184.0 P95 41015.0 Count 100
video_3_1_0_1_F Mean 35396.22 P50 34493.0 P95 41425.0 Count 100
video_3_1_2_1_F Mean 35540.82 P50 34448.0 P95 43069.0 Count 100
video_3_1_6_2_F Mean 35826.07 P50 35418.0 P95 40384.0 Count 100
video_3_1_0_0_F Mean 35905.82 P50 35148.0 P95 40105.0 Count 100
video_3_1_5_2_F Mean 35918.16 P50 35700.0 P95 39286.0 Count 100
video_3_1_5_3_F Mean 36017.38 P50 35227.0 P95 44047.0 Count 100
video_3_1_4_1_F Mean 36051.32 P50 35203.0 P95 42262.0 Count 100
video_3_1_2_2_F Mean 36083.35 P50 35589.0 P95 39464.0 Count 100
video_3_1_3_2_F Mean 36146.3 P50 35672.0 P95 40226.0 Count 100
video_3_1_5_1_F Mean 36164.92 P50 35607.0 P95 41577.0 Count 100
video_3_1_2_0_F Mean 36173.67 P50 35601.0 P95 40485.0 Count 100
video_3_1_3_0_F Mean 36450.47 P50 35459.0 P95 45196.0 Count 100
video_3_1_0_2_F Mean 36468.88 P50 35405.0 P95 40747.0 Count 100
video_3_1_6_1_F Mean 36832.35 P50 35458.0 P95 44860.0 Count 100
video_3_1_3_3_F Mean 37082.84 P50 35168.0 P95 50495.0 Count 100
video_3_1_4_2_F Mean 37123.24 P50 36542.0 P95 44694.0 Count 100
video_3_1_6_3_F Mean 37230.49 P50 35265.0 P95 50920.0 Count 100
video_3_1_2_3_F Mean 37812.47 P50 35371.0 P95 49559.0 Count 100
video_3_1_1_1_F Mean 37939.94 P50 34123.0 P95 42173.0 Count 100
video_3_1_0_3_F Mean 38281.18 P50 35515.0 P95 51542.0 Count 100
video_3_1_1_0_F Mean 38926.81 P50 35112.0 P95 43130.0 Count 187
video_3_1_1_3_F Mean 39657.42 P50 35233.0 P95 48447.0 Count 100
video_3_1_4_3_F Mean 40484.69 P50 35192.0 P95 52424.0 Count 100
video_3_1_4_0_F Mean 42763.11 P50 39300.0 P95 51672.0 Count 100
video_3_1_5_0_F Mean 44161.42 P50 43645.0 P95 52360.0 Count 100
video_3_1_1_2_F Mean 45214.45 P50 36271.0 P95 41025.0 Count 100
video_3_1_6_0_F Mean 46559.02 P50 46770.0 P95 52732.0 Count 100
Sort by P50:
video_3_1_1_1_F Mean 37939.94 P50 34123.0 P95 42173.0 Count 100
video_3_1_3_1_F Mean 35026.21 P50 34184.0 P95 41015.0 Count 100
video_3_1_2_1_F Mean 35540.82 P50 34448.0 P95 43069.0 Count 100
video_3_1_0_1_F Mean 35396.22 P50 34493.0 P95 41425.0 Count 100
video_3_1_1_0_F Mean 38926.81 P50 35112.0 P95 43130.0 Count 187
video_3_1_0_0_F Mean 35905.82 P50 35148.0 P95 40105.0 Count 100
video_3_1_3_3_F Mean 37082.84 P50 35168.0 P95 50495.0 Count 100
video_3_1_4_3_F Mean 40484.69 P50 35192.0 P95 52424.0 Count 100
video_3_1_4_1_F Mean 36051.32 P50 35203.0 P95 42262.0 Count 100
video_3_1_5_3_F Mean 36017.38 P50 35227.0 P95 44047.0 Count 100
video_3_1_1_3_F Mean 39657.42 P50 35233.0 P95 48447.0 Count 100
video_3_1_6_3_F Mean 37230.49 P50 35265.0 P95 50920.0 Count 100
video_3_1_2_3_F Mean 37812.47 P50 35371.0 P95 49559.0 Count 100
video_3_1_0_2_F Mean 36468.88 P50 35405.0 P95 40747.0 Count 100
video_3_1_6_2_F Mean 35826.07 P50 35418.0 P95 40384.0 Count 100
video_3_1_6_1_F Mean 36832.35 P50 35458.0 P95 44860.0 Count 100
video_3_1_3_0_F Mean 36450.47 P50 35459.0 P95 45196.0 Count 100
video_3_1_0_3_F Mean 38281.18 P50 35515.0 P95 51542.0 Count 100
video_3_1_2_2_F Mean 36083.35 P50 35589.0 P95 39464.0 Count 100
video_3_1_2_0_F Mean 36173.67 P50 35601.0 P95 40485.0 Count 100
video_3_1_5_1_F Mean 36164.92 P50 35607.0 P95 41577.0 Count 100
video_3_1_3_2_F Mean 36146.3 P50 35672.0 P95 40226.0 Count 100
video_3_1_5_2_F Mean 35918.16 P50 35700.0 P95 39286.0 Count 100
video_3_1_1_2_F Mean 45214.45 P50 36271.0 P95 41025.0 Count 100
video_3_1_4_2_F Mean 37123.24 P50 36542.0 P95 44694.0 Count 100
video_3_1_4_0_F Mean 42763.11 P50 39300.0 P95 51672.0 Count 100
video_3_1_5_0_F Mean 44161.42 P50 43645.0 P95 52360.0 Count 100
video_3_1_6_0_F Mean 46559.02 P50 46770.0 P95 52732.0 Count 100
Sort by P95:
video_3_1_5_2_F Mean 35918.16 P50 35700.0 P95 39286.0 Count 100
video_3_1_2_2_F Mean 36083.35 P50 35589.0 P95 39464.0 Count 100
video_3_1_0_0_F Mean 35905.82 P50 35148.0 P95 40105.0 Count 100
video_3_1_3_2_F Mean 36146.3 P50 35672.0 P95 40226.0 Count 100
video_3_1_6_2_F Mean 35826.07 P50 35418.0 P95 40384.0 Count 100
video_3_1_2_0_F Mean 36173.67 P50 35601.0 P95 40485.0 Count 100
video_3_1_0_2_F Mean 36468.88 P50 35405.0 P95 40747.0 Count 100
video_3_1_3_1_F Mean 35026.21 P50 34184.0 P95 41015.0 Count 100
video_3_1_1_2_F Mean 45214.45 P50 36271.0 P95 41025.0 Count 100
video_3_1_0_1_F Mean 35396.22 P50 34493.0 P95 41425.0 Count 100
video_3_1_5_1_F Mean 36164.92 P50 35607.0 P95 41577.0 Count 100
video_3_1_1_1_F Mean 37939.94 P50 34123.0 P95 42173.0 Count 100
video_3_1_4_1_F Mean 36051.32 P50 35203.0 P95 42262.0 Count 100
video_3_1_2_1_F Mean 35540.82 P50 34448.0 P95 43069.0 Count 100
video_3_1_1_0_F Mean 38926.81 P50 35112.0 P95 43130.0 Count 187
video_3_1_5_3_F Mean 36017.38 P50 35227.0 P95 44047.0 Count 100
video_3_1_4_2_F Mean 37123.24 P50 36542.0 P95 44694.0 Count 100
video_3_1_6_1_F Mean 36832.35 P50 35458.0 P95 44860.0 Count 100
video_3_1_3_0_F Mean 36450.47 P50 35459.0 P95 45196.0 Count 100
video_3_1_1_3_F Mean 39657.42 P50 35233.0 P95 48447.0 Count 100
video_3_1_2_3_F Mean 37812.47 P50 35371.0 P95 49559.0 Count 100
video_3_1_3_3_F Mean 37082.84 P50 35168.0 P95 50495.0 Count 100
video_3_1_6_3_F Mean 37230.49 P50 35265.0 P95 50920.0 Count 100
video_3_1_0_3_F Mean 38281.18 P50 35515.0 P95 51542.0 Count 100
video_3_1_4_0_F Mean 42763.11 P50 39300.0 P95 51672.0 Count 100
video_3_1_5_0_F Mean 44161.42 P50 43645.0 P95 52360.0 Count 100
video_3_1_4_3_F Mean 40484.69 P50 35192.0 P95 52424.0 Count 100
video_3_1_6_0_F Mean 46559.02 P50 46770.0 P95 52732.0 Count 100
