Sort by Mean:
video_3_1_1_1_F Mean 34458.95 P50 33935.0 P95 38432.0 Count 40
video_3_1_0_1_F Mean 34793.0 P50 34462.0 P95 38185.0 Count 40
video_3_1_2_1_F Mean 35118.5 P50 34068.0 P95 42852.0 Count 40
video_3_1_5_3_F Mean 35665.78 P50 34700.0 P95 38841.0 Count 40
video_3_1_5_1_F Mean 35760.28 P50 35064.0 P95 40571.0 Count 40
video_3_1_3_1_F Mean 35815.6 P50 35085.0 P95 41015.0 Count 40
video_3_1_3_2_F Mean 35842.53 P50 35328.0 P95 39920.0 Count 40
video_3_1_2_0_F Mean 35900.28 P50 35601.0 P95 39372.0 Count 40
video_3_1_5_2_F Mean 35965.1 P50 35302.0 P95 47032.0 Count 40
video_3_1_4_1_F Mean 36056.8 P50 35082.0 P95 43028.0 Count 40
video_3_1_6_2_F Mean 36227.65 P50 35722.0 P95 40896.0 Count 40
video_3_1_0_0_F Mean 36449.72 P50 35105.0 P95 42933.0 Count 40
video_3_1_3_0_F Mean 36495.47 P50 35459.0 P95 41960.0 Count 40
video_3_1_1_2_F Mean 36518.2 P50 36271.0 P95 40227.0 Count 40
video_3_1_2_2_F Mean 36555.6 P50 35947.0 P95 40981.0 Count 40
video_3_1_2_3_F Mean 36610.05 P50 34637.0 P95 46351.0 Count 40
video_3_1_6_3_F Mean 36630.45 P50 35295.0 P95 50878.0 Count 40
video_3_1_4_2_F Mean 36681.95 P50 36589.0 P95 39960.0 Count 40
video_3_1_0_2_F Mean 37113.55 P50 35552.0 P95 41605.0 Count 40
video_3_1_4_3_F Mean 37205.05 P50 34740.0 P95 51051.0 Count 40
video_3_1_0_3_F Mean 37240.03 P50 35098.0 P95 50698.0 Count 40
video_3_1_3_3_F Mean 37270.3 P50 35168.0 P95 50654.0 Count 40
video_3_1_6_1_F Mean 37366.97 P50 36298.0 P95 44860.0 Count 40
video_3_1_1_0_F Mean 42419.9 P50 35112.0 P95 38939.0 Count 40
video_3_1_5_0_F Mean 44263.62 P50 43574.0 P95 54678.0 Count 40
video_3_1_1_3_F Mean 44313.82 P50 34679.0 P95 50874.0 Count 40
video_3_1_4_0_F Mean 44908.18 P50 38800.0 P95 45755.0 Count 40
video_3_1_6_0_F Mean 46278.88 P50 46589.0 P95 52791.0 Count 40
Sort by P50:
video_3_1_1_1_F Mean 34458.95 P50 33935.0 P95 38432.0 Count 40
video_3_1_2_1_F Mean 35118.5 P50 34068.0 P95 42852.0 Count 40
video_3_1_0_1_F Mean 34793.0 P50 34462.0 P95 38185.0 Count 40
video_3_1_2_3_F Mean 36610.05 P50 34637.0 P95 46351.0 Count 40
video_3_1_1_3_F Mean 44313.82 P50 34679.0 P95 50874.0 Count 40
video_3_1_5_3_F Mean 35665.78 P50 34700.0 P95 38841.0 Count 40
video_3_1_4_3_F Mean 37205.05 P50 34740.0 P95 51051.0 Count 40
video_3_1_5_1_F Mean 35760.28 P50 35064.0 P95 40571.0 Count 40
video_3_1_4_1_F Mean 36056.8 P50 35082.0 P95 43028.0 Count 40
video_3_1_3_1_F Mean 35815.6 P50 35085.0 P95 41015.0 Count 40
video_3_1_0_3_F Mean 37240.03 P50 35098.0 P95 50698.0 Count 40
video_3_1_0_0_F Mean 36449.72 P50 35105.0 P95 42933.0 Count 40
video_3_1_1_0_F Mean 42419.9 P50 35112.0 P95 38939.0 Count 40
video_3_1_3_3_F Mean 37270.3 P50 35168.0 P95 50654.0 Count 40
video_3_1_6_3_F Mean 36630.45 P50 35295.0 P95 50878.0 Count 40
video_3_1_5_2_F Mean 35965.1 P50 35302.0 P95 47032.0 Count 40
video_3_1_3_2_F Mean 35842.53 P50 35328.0 P95 39920.0 Count 40
video_3_1_3_0_F Mean 36495.47 P50 35459.0 P95 41960.0 Count 40
video_3_1_0_2_F Mean 37113.55 P50 35552.0 P95 41605.0 Count 40
video_3_1_2_0_F Mean 35900.28 P50 35601.0 P95 39372.0 Count 40
video_3_1_6_2_F Mean 36227.65 P50 35722.0 P95 40896.0 Count 40
video_3_1_2_2_F Mean 36555.6 P50 35947.0 P95 40981.0 Count 40
video_3_1_1_2_F Mean 36518.2 P50 36271.0 P95 40227.0 Count 40
video_3_1_6_1_F Mean 37366.97 P50 36298.0 P95 44860.0 Count 40
video_3_1_4_2_F Mean 36681.95 P50 36589.0 P95 39960.0 Count 40
video_3_1_4_0_F Mean 44908.18 P50 38800.0 P95 45755.0 Count 40
video_3_1_5_0_F Mean 44263.62 P50 43574.0 P95 54678.0 Count 40
video_3_1_6_0_F Mean 46278.88 P50 46589.0 P95 52791.0 Count 40
Sort by P95:
video_3_1_0_1_F Mean 34793.0 P50 34462.0 P95 38185.0 Count 40
video_3_1_1_1_F Mean 34458.95 P50 33935.0 P95 38432.0 Count 40
video_3_1_5_3_F Mean 35665.78 P50 34700.0 P95 38841.0 Count 40
video_3_1_1_0_F Mean 42419.9 P50 35112.0 P95 38939.0 Count 40
video_3_1_2_0_F Mean 35900.28 P50 35601.0 P95 39372.0 Count 40
video_3_1_3_2_F Mean 35842.53 P50 35328.0 P95 39920.0 Count 40
video_3_1_4_2_F Mean 36681.95 P50 36589.0 P95 39960.0 Count 40
video_3_1_1_2_F Mean 36518.2 P50 36271.0 P95 40227.0 Count 40
video_3_1_5_1_F Mean 35760.28 P50 35064.0 P95 40571.0 Count 40
video_3_1_6_2_F Mean 36227.65 P50 35722.0 P95 40896.0 Count 40
video_3_1_2_2_F Mean 36555.6 P50 35947.0 P95 40981.0 Count 40
video_3_1_3_1_F Mean 35815.6 P50 35085.0 P95 41015.0 Count 40
video_3_1_0_2_F Mean 37113.55 P50 35552.0 P95 41605.0 Count 40
video_3_1_3_0_F Mean 36495.47 P50 35459.0 P95 41960.0 Count 40
video_3_1_2_1_F Mean 35118.5 P50 34068.0 P95 42852.0 Count 40
video_3_1_0_0_F Mean 36449.72 P50 35105.0 P95 42933.0 Count 40
video_3_1_4_1_F Mean 36056.8 P50 35082.0 P95 43028.0 Count 40
video_3_1_6_1_F Mean 37366.97 P50 36298.0 P95 44860.0 Count 40
video_3_1_4_0_F Mean 44908.18 P50 38800.0 P95 45755.0 Count 40
video_3_1_2_3_F Mean 36610.05 P50 34637.0 P95 46351.0 Count 40
video_3_1_5_2_F Mean 35965.1 P50 35302.0 P95 47032.0 Count 40
video_3_1_3_3_F Mean 37270.3 P50 35168.0 P95 50654.0 Count 40
video_3_1_0_3_F Mean 37240.03 P50 35098.0 P95 50698.0 Count 40
video_3_1_1_3_F Mean 44313.82 P50 34679.0 P95 50874.0 Count 40
video_3_1_6_3_F Mean 36630.45 P50 35295.0 P95 50878.0 Count 40
video_3_1_4_3_F Mean 37205.05 P50 34740.0 P95 51051.0 Count 40
video_3_1_6_0_F Mean 46278.88 P50 46589.0 P95 52791.0 Count 40
video_3_1_5_0_F Mean 44263.62 P50 43574.0 P95 54678.0 Count 40
