Sort by Mean:
video_3_1_3_1_T Mean 16601.6 P50 15181.0 P95 20887.0 Count 10
video_3_1_1_0_T Mean 16697.3 P50 16359.0 P95 18109.0 Count 10
video_3_1_2_1_T Mean 17590.1 P50 17609.0 P95 22819.0 Count 10
video_3_1_2_0_T Mean 18033.0 P50 17940.0 P95 20692.0 Count 10
video_3_1_0_1_T Mean 18079.6 P50 18174.0 P95 20117.0 Count 10
video_3_1_1_1_T Mean 18159.6 P50 17942.0 P95 19938.0 Count 10
video_3_1_3_2_T Mean 18345.0 P50 17404.0 P95 25289.0 Count 10
video_3_1_2_1_F Mean 19234.2 P50 18815.0 P95 21554.0 Count 10
video_3_1_2_2_T Mean 19354.9 P50 19323.0 P95 25558.0 Count 10
video_3_1_3_1_F Mean 20035.9 P50 20080.0 P95 21368.0 Count 10
video_3_1_3_2_F Mean 20215.67 P50 20198.0 P95 20682.0 Count 3
video_3_1_1_0_F Mean 20514.4 P50 19877.0 P95 22843.0 Count 10
video_3_1_0_1_F Mean 20581.7 P50 20568.0 P95 22159.0 Count 10
video_3_1_0_0_T Mean 20629.2 P50 18589.0 P95 32610.0 Count 10
video_3_1_2_0_F Mean 20934.4 P50 21128.0 P95 23697.0 Count 10
video_3_1_1_1_F Mean 20999.5 P50 20588.0 P95 23031.0 Count 10
video_3_1_0_2_T Mean 21277.3 P50 20785.0 P95 28246.0 Count 10
video_3_1_3_0_T Mean 21556.5 P50 21416.0 P95 23737.0 Count 10
video_3_1_1_2_F Mean 21697.3 P50 19512.0 P95 27557.0 Count 10
video_3_1_1_2_T Mean 21965.4 P50 23814.0 P95 26544.0 Count 10
video_3_1_0_0_F Mean 22017.7 P50 21866.0 P95 23512.0 Count 10
video_3_1_2_2_F Mean 22967.2 P50 20812.0 P95 30345.0 Count 10
video_3_1_3_0_F Mean 24239.6 P50 24469.0 P95 27211.0 Count 10
video_3_1_0_2_F Mean 29665.0 P50 29666.0 P95 29666.0 Count 1
ml_2_1_0_0_T Mean 91512.0 P50 91513.0 P95 91513.0 Count 1
Sort by P50:
video_3_1_3_1_T Mean 16601.6 P50 15181.0 P95 20887.0 Count 10
video_3_1_1_0_T Mean 16697.3 P50 16359.0 P95 18109.0 Count 10
video_3_1_3_2_T Mean 18345.0 P50 17404.0 P95 25289.0 Count 10
video_3_1_2_1_T Mean 17590.1 P50 17609.0 P95 22819.0 Count 10
video_3_1_2_0_T Mean 18033.0 P50 17940.0 P95 20692.0 Count 10
video_3_1_1_1_T Mean 18159.6 P50 17942.0 P95 19938.0 Count 10
video_3_1_0_1_T Mean 18079.6 P50 18174.0 P95 20117.0 Count 10
video_3_1_0_0_T Mean 20629.2 P50 18589.0 P95 32610.0 Count 10
video_3_1_2_1_F Mean 19234.2 P50 18815.0 P95 21554.0 Count 10
video_3_1_2_2_T Mean 19354.9 P50 19323.0 P95 25558.0 Count 10
video_3_1_1_2_F Mean 21697.3 P50 19512.0 P95 27557.0 Count 10
video_3_1_1_0_F Mean 20514.4 P50 19877.0 P95 22843.0 Count 10
video_3_1_3_1_F Mean 20035.9 P50 20080.0 P95 21368.0 Count 10
video_3_1_3_2_F Mean 20215.67 P50 20198.0 P95 20682.0 Count 3
video_3_1_0_1_F Mean 20581.7 P50 20568.0 P95 22159.0 Count 10
video_3_1_1_1_F Mean 20999.5 P50 20588.0 P95 23031.0 Count 10
video_3_1_0_2_T Mean 21277.3 P50 20785.0 P95 28246.0 Count 10
video_3_1_2_2_F Mean 22967.2 P50 20812.0 P95 30345.0 Count 10
video_3_1_2_0_F Mean 20934.4 P50 21128.0 P95 23697.0 Count 10
video_3_1_3_0_T Mean 21556.5 P50 21416.0 P95 23737.0 Count 10
video_3_1_0_0_F Mean 22017.7 P50 21866.0 P95 23512.0 Count 10
video_3_1_1_2_T Mean 21965.4 P50 23814.0 P95 26544.0 Count 10
video_3_1_3_0_F Mean 24239.6 P50 24469.0 P95 27211.0 Count 10
video_3_1_0_2_F Mean 29665.0 P50 29666.0 P95 29666.0 Count 1
ml_2_1_0_0_T Mean 91512.0 P50 91513.0 P95 91513.0 Count 1
Sort by P95:
video_3_1_1_0_T Mean 16697.3 P50 16359.0 P95 18109.0 Count 10
video_3_1_1_1_T Mean 18159.6 P50 17942.0 P95 19938.0 Count 10
video_3_1_0_1_T Mean 18079.6 P50 18174.0 P95 20117.0 Count 10
video_3_1_3_2_F Mean 20215.67 P50 20198.0 P95 20682.0 Count 3
video_3_1_2_0_T Mean 18033.0 P50 17940.0 P95 20692.0 Count 10
video_3_1_3_1_T Mean 16601.6 P50 15181.0 P95 20887.0 Count 10
video_3_1_3_1_F Mean 20035.9 P50 20080.0 P95 21368.0 Count 10
video_3_1_2_1_F Mean 19234.2 P50 18815.0 P95 21554.0 Count 10
video_3_1_0_1_F Mean 20581.7 P50 20568.0 P95 22159.0 Count 10
video_3_1_2_1_T Mean 17590.1 P50 17609.0 P95 22819.0 Count 10
video_3_1_1_0_F Mean 20514.4 P50 19877.0 P95 22843.0 Count 10
video_3_1_1_1_F Mean 20999.5 P50 20588.0 P95 23031.0 Count 10
video_3_1_0_0_F Mean 22017.7 P50 21866.0 P95 23512.0 Count 10
video_3_1_2_0_F Mean 20934.4 P50 21128.0 P95 23697.0 Count 10
video_3_1_3_0_T Mean 21556.5 P50 21416.0 P95 23737.0 Count 10
video_3_1_3_2_T Mean 18345.0 P50 17404.0 P95 25289.0 Count 10
video_3_1_2_2_T Mean 19354.9 P50 19323.0 P95 25558.0 Count 10
video_3_1_1_2_T Mean 21965.4 P50 23814.0 P95 26544.0 Count 10
video_3_1_3_0_F Mean 24239.6 P50 24469.0 P95 27211.0 Count 10
video_3_1_1_2_F Mean 21697.3 P50 19512.0 P95 27557.0 Count 10
video_3_1_0_2_T Mean 21277.3 P50 20785.0 P95 28246.0 Count 10
video_3_1_0_2_F Mean 29665.0 P50 29666.0 P95 29666.0 Count 1
video_3_1_2_2_F Mean 22967.2 P50 20812.0 P95 30345.0 Count 10
video_3_1_0_0_T Mean 20629.2 P50 18589.0 P95 32610.0 Count 10
ml_2_1_0_0_T Mean 91512.0 P50 91513.0 P95 91513.0 Count 1
