Sort by Mean:
video_3_1_3_0_T Mean 197.7 P50 222.0 P95 359.0 Count 10
video_3_1_0_2_T Mean 274.7 P50 18.0 P95 1319.0 Count 10
video_3_1_2_0_T Mean 278.8 P50 74.0 P95 701.0 Count 10
video_3_1_1_2_T Mean 464.2 P50 293.0 P95 1849.0 Count 10
video_3_1_0_1_T Mean 500.3 P50 556.0 P95 1159.0 Count 10
video_3_1_2_1_T Mean 508.2 P50 435.0 P95 995.0 Count 10
video_3_1_1_1_T Mean 862.0 P50 197.0 P95 6752.0 Count 10
video_3_1_2_2_T Mean 980.7 P50 149.0 P95 7563.0 Count 10
video_3_1_3_2_T Mean 1102.8 P50 16.0 P95 8503.0 Count 10
video_3_1_3_1_T Mean 1174.7 P50 478.0 P95 8006.0 Count 10
video_3_1_1_0_T Mean 2191.7 P50 289.0 P95 6758.0 Count 10
ml_2_1_0_0_T Mean 2254.0 P50 2255.0 P95 2255.0 Count 1
video_3_1_0_0_T Mean 2561.2 P50 151.0 P95 11649.0 Count 10
video_3_1_0_0_F Mean 2630.3 P50 2508.0 P95 3342.0 Count 10
video_3_1_0_2_F Mean 2651.0 P50 2652.0 P95 2652.0 Count 1
video_3_1_1_0_F Mean 2720.6 P50 2614.0 P95 3095.0 Count 10
video_3_1_2_1_F Mean 3243.7 P50 2265.0 P95 10523.0 Count 10
video_3_1_1_2_F Mean 3371.7 P50 2678.0 P95 10521.0 Count 10
video_3_1_3_0_F Mean 3497.7 P50 2769.0 P95 10583.0 Count 10
video_3_1_3_1_F Mean 3555.6 P50 2878.0 P95 10539.0 Count 10
video_3_1_2_0_F Mean 3660.0 P50 2965.0 P95 10567.0 Count 10
video_3_1_0_1_F Mean 4018.0 P50 2468.0 P95 10543.0 Count 10
video_3_1_2_2_F Mean 4019.5 P50 2204.0 P95 10586.0 Count 10
video_3_1_1_1_F Mean 4091.8 P50 2537.0 P95 10556.0 Count 10
video_3_1_3_2_F Mean 7853.67 P50 10566.0 P95 10679.0 Count 3
Sort by P50:
video_3_1_3_2_T Mean 1102.8 P50 16.0 P95 8503.0 Count 10
video_3_1_0_2_T Mean 274.7 P50 18.0 P95 1319.0 Count 10
video_3_1_2_0_T Mean 278.8 P50 74.0 P95 701.0 Count 10
video_3_1_2_2_T Mean 980.7 P50 149.0 P95 7563.0 Count 10
video_3_1_0_0_T Mean 2561.2 P50 151.0 P95 11649.0 Count 10
video_3_1_1_1_T Mean 862.0 P50 197.0 P95 6752.0 Count 10
video_3_1_3_0_T Mean 197.7 P50 222.0 P95 359.0 Count 10
video_3_1_1_0_T Mean 2191.7 P50 289.0 P95 6758.0 Count 10
video_3_1_1_2_T Mean 464.2 P50 293.0 P95 1849.0 Count 10
video_3_1_2_1_T Mean 508.2 P50 435.0 P95 995.0 Count 10
video_3_1_3_1_T Mean 1174.7 P50 478.0 P95 8006.0 Count 10
video_3_1_0_1_T Mean 500.3 P50 556.0 P95 1159.0 Count 10
video_3_1_2_2_F Mean 4019.5 P50 2204.0 P95 10586.0 Count 10
ml_2_1_0_0_T Mean 2254.0 P50 2255.0 P95 2255.0 Count 1
video_3_1_2_1_F Mean 3243.7 P50 2265.0 P95 10523.0 Count 10
video_3_1_0_1_F Mean 4018.0 P50 2468.0 P95 10543.0 Count 10
video_3_1_0_0_F Mean 2630.3 P50 2508.0 P95 3342.0 Count 10
video_3_1_1_1_F Mean 4091.8 P50 2537.0 P95 10556.0 Count 10
video_3_1_1_0_F Mean 2720.6 P50 2614.0 P95 3095.0 Count 10
video_3_1_0_2_F Mean 2651.0 P50 2652.0 P95 2652.0 Count 1
video_3_1_1_2_F Mean 3371.7 P50 2678.0 P95 10521.0 Count 10
video_3_1_3_0_F Mean 3497.7 P50 2769.0 P95 10583.0 Count 10
video_3_1_3_1_F Mean 3555.6 P50 2878.0 P95 10539.0 Count 10
video_3_1_2_0_F Mean 3660.0 P50 2965.0 P95 10567.0 Count 10
video_3_1_3_2_F Mean 7853.67 P50 10566.0 P95 10679.0 Count 3
Sort by P95:
video_3_1_3_0_T Mean 197.7 P50 222.0 P95 359.0 Count 10
video_3_1_2_0_T Mean 278.8 P50 74.0 P95 701.0 Count 10
video_3_1_2_1_T Mean 508.2 P50 435.0 P95 995.0 Count 10
video_3_1_0_1_T Mean 500.3 P50 556.0 P95 1159.0 Count 10
video_3_1_0_2_T Mean 274.7 P50 18.0 P95 1319.0 Count 10
video_3_1_1_2_T Mean 464.2 P50 293.0 P95 1849.0 Count 10
ml_2_1_0_0_T Mean 2254.0 P50 2255.0 P95 2255.0 Count 1
video_3_1_0_2_F Mean 2651.0 P50 2652.0 P95 2652.0 Count 1
video_3_1_1_0_F Mean 2720.6 P50 2614.0 P95 3095.0 Count 10
video_3_1_0_0_F Mean 2630.3 P50 2508.0 P95 3342.0 Count 10
video_3_1_1_1_T Mean 862.0 P50 197.0 P95 6752.0 Count 10
video_3_1_1_0_T Mean 2191.7 P50 289.0 P95 6758.0 Count 10
video_3_1_2_2_T Mean 980.7 P50 149.0 P95 7563.0 Count 10
video_3_1_3_1_T Mean 1174.7 P50 478.0 P95 8006.0 Count 10
video_3_1_3_2_T Mean 1102.8 P50 16.0 P95 8503.0 Count 10
video_3_1_1_2_F Mean 3371.7 P50 2678.0 P95 10521.0 Count 10
video_3_1_2_1_F Mean 3243.7 P50 2265.0 P95 10523.0 Count 10
video_3_1_3_1_F Mean 3555.6 P50 2878.0 P95 10539.0 Count 10
video_3_1_0_1_F Mean 4018.0 P50 2468.0 P95 10543.0 Count 10
video_3_1_1_1_F Mean 4091.8 P50 2537.0 P95 10556.0 Count 10
video_3_1_2_0_F Mean 3660.0 P50 2965.0 P95 10567.0 Count 10
video_3_1_3_0_F Mean 3497.7 P50 2769.0 P95 10583.0 Count 10
video_3_1_2_2_F Mean 4019.5 P50 2204.0 P95 10586.0 Count 10
video_3_1_3_2_F Mean 7853.67 P50 10566.0 P95 10679.0 Count 3
video_3_1_0_0_T Mean 2561.2 P50 151.0 P95 11649.0 Count 10
