Sort by Mean:
video_3_1_3_1_F Mean 19229.2 P50 19243.0 P95 20515.0 Count 10
video_3_1_3_2_T Mean 19678.4 P50 19375.0 P95 22048.0 Count 10
video_3_1_0_2_T Mean 19747.9 P50 19599.0 P95 21075.0 Count 10
video_3_1_2_1_T Mean 20052.1 P50 19803.0 P95 24000.0 Count 10
video_3_1_1_0_F Mean 20315.6 P50 20737.0 P95 21431.0 Count 10
video_3_1_2_1_F Mean 20471.8 P50 20299.0 P95 22672.0 Count 10
video_3_1_2_2_T Mean 20631.7 P50 20173.0 P95 28920.0 Count 10
video_3_1_1_1_T Mean 20694.3 P50 20708.0 P95 25378.0 Count 10
video_3_1_3_1_T Mean 20735.6 P50 19849.0 P95 24658.0 Count 10
video_3_1_3_2_F Mean 20872.9 P50 19369.0 P95 29915.0 Count 10
video_3_1_0_0_T Mean 20988.7 P50 20811.0 P95 23064.0 Count 10
video_3_1_1_2_T Mean 20989.5 P50 20829.0 P95 23439.0 Count 10
video_3_1_0_1_F Mean 21159.1 P50 21468.0 P95 23435.0 Count 10
video_3_1_2_0_F Mean 21300.2 P50 20846.0 P95 22835.0 Count 10
video_3_1_0_0_F Mean 21304.5 P50 21471.0 P95 22808.0 Count 10
video_3_1_2_0_T Mean 21312.2 P50 21072.0 P95 22713.0 Count 10
video_3_1_1_2_F Mean 21367.6 P50 20467.0 P95 27597.0 Count 10
video_3_1_1_0_T Mean 21449.1 P50 21287.0 P95 23699.0 Count 10
video_3_1_2_2_F Mean 21553.7 P50 20153.0 P95 28349.0 Count 10
video_3_1_1_1_F Mean 21569.4 P50 20734.0 P95 24922.0 Count 10
video_3_1_0_2_F Mean 21732.0 P50 19838.0 P95 28076.0 Count 10
video_3_1_0_1_T Mean 21856.6 P50 21552.0 P95 24161.0 Count 10
video_3_1_3_0_T Mean 23573.8 P50 23309.0 P95 26001.0 Count 10
video_3_1_3_0_F Mean 24306.2 P50 24298.0 P95 29261.0 Count 10
Sort by P50:
video_3_1_3_1_F Mean 19229.2 P50 19243.0 P95 20515.0 Count 10
video_3_1_3_2_F Mean 20872.9 P50 19369.0 P95 29915.0 Count 10
video_3_1_3_2_T Mean 19678.4 P50 19375.0 P95 22048.0 Count 10
video_3_1_0_2_T Mean 19747.9 P50 19599.0 P95 21075.0 Count 10
video_3_1_2_1_T Mean 20052.1 P50 19803.0 P95 24000.0 Count 10
video_3_1_0_2_F Mean 21732.0 P50 19838.0 P95 28076.0 Count 10
video_3_1_3_1_T Mean 20735.6 P50 19849.0 P95 24658.0 Count 10
video_3_1_2_2_F Mean 21553.7 P50 20153.0 P95 28349.0 Count 10
video_3_1_2_2_T Mean 20631.7 P50 20173.0 P95 28920.0 Count 10
video_3_1_2_1_F Mean 20471.8 P50 20299.0 P95 22672.0 Count 10
video_3_1_1_2_F Mean 21367.6 P50 20467.0 P95 27597.0 Count 10
video_3_1_1_1_T Mean 20694.3 P50 20708.0 P95 25378.0 Count 10
video_3_1_1_1_F Mean 21569.4 P50 20734.0 P95 24922.0 Count 10
video_3_1_1_0_F Mean 20315.6 P50 20737.0 P95 21431.0 Count 10
video_3_1_0_0_T Mean 20988.7 P50 20811.0 P95 23064.0 Count 10
video_3_1_1_2_T Mean 20989.5 P50 20829.0 P95 23439.0 Count 10
video_3_1_2_0_F Mean 21300.2 P50 20846.0 P95 22835.0 Count 10
video_3_1_2_0_T Mean 21312.2 P50 21072.0 P95 22713.0 Count 10
video_3_1_1_0_T Mean 21449.1 P50 21287.0 P95 23699.0 Count 10
video_3_1_0_1_F Mean 21159.1 P50 21468.0 P95 23435.0 Count 10
video_3_1_0_0_F Mean 21304.5 P50 21471.0 P95 22808.0 Count 10
video_3_1_0_1_T Mean 21856.6 P50 21552.0 P95 24161.0 Count 10
video_3_1_3_0_T Mean 23573.8 P50 23309.0 P95 26001.0 Count 10
video_3_1_3_0_F Mean 24306.2 P50 24298.0 P95 29261.0 Count 10
Sort by P95:
video_3_1_3_1_F Mean 19229.2 P50 19243.0 P95 20515.0 Count 10
video_3_1_0_2_T Mean 19747.9 P50 19599.0 P95 21075.0 Count 10
video_3_1_1_0_F Mean 20315.6 P50 20737.0 P95 21431.0 Count 10
video_3_1_3_2_T Mean 19678.4 P50 19375.0 P95 22048.0 Count 10
video_3_1_2_1_F Mean 20471.8 P50 20299.0 P95 22672.0 Count 10
video_3_1_2_0_T Mean 21312.2 P50 21072.0 P95 22713.0 Count 10
video_3_1_0_0_F Mean 21304.5 P50 21471.0 P95 22808.0 Count 10
video_3_1_2_0_F Mean 21300.2 P50 20846.0 P95 22835.0 Count 10
video_3_1_0_0_T Mean 20988.7 P50 20811.0 P95 23064.0 Count 10
video_3_1_0_1_F Mean 21159.1 P50 21468.0 P95 23435.0 Count 10
video_3_1_1_2_T Mean 20989.5 P50 20829.0 P95 23439.0 Count 10
video_3_1_1_0_T Mean 21449.1 P50 21287.0 P95 23699.0 Count 10
video_3_1_2_1_T Mean 20052.1 P50 19803.0 P95 24000.0 Count 10
video_3_1_0_1_T Mean 21856.6 P50 21552.0 P95 24161.0 Count 10
video_3_1_3_1_T Mean 20735.6 P50 19849.0 P95 24658.0 Count 10
video_3_1_1_1_F Mean 21569.4 P50 20734.0 P95 24922.0 Count 10
video_3_1_1_1_T Mean 20694.3 P50 20708.0 P95 25378.0 Count 10
video_3_1_3_0_T Mean 23573.8 P50 23309.0 P95 26001.0 Count 10
video_3_1_1_2_F Mean 21367.6 P50 20467.0 P95 27597.0 Count 10
video_3_1_0_2_F Mean 21732.0 P50 19838.0 P95 28076.0 Count 10
video_3_1_2_2_F Mean 21553.7 P50 20153.0 P95 28349.0 Count 10
video_3_1_2_2_T Mean 20631.7 P50 20173.0 P95 28920.0 Count 10
video_3_1_3_0_F Mean 24306.2 P50 24298.0 P95 29261.0 Count 10
video_3_1_3_2_F Mean 20872.9 P50 19369.0 P95 29915.0 Count 10
