Sort by Mean:
video_3_1_3_1_F Mean 25753.71 P50 25474.0 P95 29554.0 Count 72
video_3_1_0_1_F Mean 26140.48 P50 25983.0 P95 29379.0 Count 50
video_3_1_1_1_F Mean 26419.4 P50 25895.0 P95 30333.0 Count 20
video_3_1_4_1_F Mean 26454.98 P50 25873.0 P95 30557.0 Count 50
video_3_1_2_1_F Mean 26646.23 P50 26295.0 P95 30136.0 Count 30
video_3_1_0_2_F Mean 26910.6 P50 26938.0 P95 30569.0 Count 30
video_3_1_5_1_F Mean 26938.67 P50 26036.0 P95 34567.0 Count 30
video_3_1_1_2_F Mean 27114.65 P50 27134.0 P95 29448.0 Count 20
video_3_1_6_1_F Mean 27216.54 P50 26928.0 P95 32647.0 Count 48
video_3_1_2_0_F Mean 27229.4 P50 27283.0 P95 29585.0 Count 10
video_3_1_0_3_F Mean 27243.15 P50 26677.0 P95 28168.0 Count 20
video_3_1_1_0_F Mean 27384.3 P50 27746.0 P95 29634.0 Count 20
video_3_1_6_2_F Mean 27407.6 P50 27403.0 P95 29433.0 Count 10
video_3_1_2_2_F Mean 27649.5 P50 27792.0 P95 32034.0 Count 10
video_3_1_4_2_F Mean 27687.5 P50 28125.0 P95 30384.0 Count 10
video_3_1_5_2_F Mean 27713.7 P50 27304.0 P95 30339.0 Count 10
video_3_1_2_3_F Mean 27972.5 P50 26851.0 P95 29570.0 Count 20
video_3_1_6_3_F Mean 28097.8 P50 27753.0 P95 35899.0 Count 20
video_3_1_3_0_F Mean 28178.1 P50 27823.0 P95 31919.0 Count 10
video_3_1_0_0_F Mean 28231.75 P50 27180.0 P95 30710.0 Count 20
video_3_1_4_3_F Mean 28238.6 P50 27479.0 P95 29609.0 Count 20
video_3_1_1_3_F Mean 28263.25 P50 27035.0 P95 35283.0 Count 20
video_3_1_5_3_F Mean 28625.75 P50 26661.0 P95 39812.0 Count 20
video_3_1_3_3_F Mean 29576.8 P50 27924.0 P95 39359.0 Count 10
video_3_1_5_0_F Mean 29648.7 P50 28186.0 P95 34392.0 Count 10
video_3_1_4_0_F Mean 30674.7 P50 30891.0 P95 35875.0 Count 10
video_3_1_3_2_F Mean 31652.3 P50 30780.0 P95 37826.0 Count 10
video_3_1_6_0_F Mean 37325.0 P50 37316.0 P95 43296.0 Count 10
Sort by P50:
video_3_1_3_1_F Mean 25753.71 P50 25474.0 P95 29554.0 Count 72
video_3_1_4_1_F Mean 26454.98 P50 25873.0 P95 30557.0 Count 50
video_3_1_1_1_F Mean 26419.4 P50 25895.0 P95 30333.0 Count 20
video_3_1_0_1_F Mean 26140.48 P50 25983.0 P95 29379.0 Count 50
video_3_1_5_1_F Mean 26938.67 P50 26036.0 P95 34567.0 Count 30
video_3_1_2_1_F Mean 26646.23 P50 26295.0 P95 30136.0 Count 30
video_3_1_5_3_F Mean 28625.75 P50 26661.0 P95 39812.0 Count 20
video_3_1_0_3_F Mean 27243.15 P50 26677.0 P95 28168.0 Count 20
video_3_1_2_3_F Mean 27972.5 P50 26851.0 P95 29570.0 Count 20
video_3_1_6_1_F Mean 27216.54 P50 26928.0 P95 32647.0 Count 48
video_3_1_0_2_F Mean 26910.6 P50 26938.0 P95 30569.0 Count 30
video_3_1_1_3_F Mean 28263.25 P50 27035.0 P95 35283.0 Count 20
video_3_1_1_2_F Mean 27114.65 P50 27134.0 P95 29448.0 Count 20
video_3_1_0_0_F Mean 28231.75 P50 27180.0 P95 30710.0 Count 20
video_3_1_2_0_F Mean 27229.4 P50 27283.0 P95 29585.0 Count 10
video_3_1_5_2_F Mean 27713.7 P50 27304.0 P95 30339.0 Count 10
video_3_1_6_2_F Mean 27407.6 P50 27403.0 P95 29433.0 Count 10
video_3_1_4_3_F Mean 28238.6 P50 27479.0 P95 29609.0 Count 20
video_3_1_1_0_F Mean 27384.3 P50 27746.0 P95 29634.0 Count 20
video_3_1_6_3_F Mean 28097.8 P50 27753.0 P95 35899.0 Count 20
video_3_1_2_2_F Mean 27649.5 P50 27792.0 P95 32034.0 Count 10
video_3_1_3_0_F Mean 28178.1 P50 27823.0 P95 31919.0 Count 10
video_3_1_3_3_F Mean 29576.8 P50 27924.0 P95 39359.0 Count 10
video_3_1_4_2_F Mean 27687.5 P50 28125.0 P95 30384.0 Count 10
video_3_1_5_0_F Mean 29648.7 P50 28186.0 P95 34392.0 Count 10
video_3_1_3_2_F Mean 31652.3 P50 30780.0 P95 37826.0 Count 10
video_3_1_4_0_F Mean 30674.7 P50 30891.0 P95 35875.0 Count 10
video_3_1_6_0_F Mean 37325.0 P50 37316.0 P95 43296.0 Count 10
Sort by P95:
video_3_1_0_3_F Mean 27243.15 P50 26677.0 P95 28168.0 Count 20
video_3_1_0_1_F Mean 26140.48 P50 25983.0 P95 29379.0 Count 50
video_3_1_6_2_F Mean 27407.6 P50 27403.0 P95 29433.0 Count 10
video_3_1_1_2_F Mean 27114.65 P50 27134.0 P95 29448.0 Count 20
video_3_1_3_1_F Mean 25753.71 P50 25474.0 P95 29554.0 Count 72
video_3_1_2_3_F Mean 27972.5 P50 26851.0 P95 29570.0 Count 20
video_3_1_2_0_F Mean 27229.4 P50 27283.0 P95 29585.0 Count 10
video_3_1_4_3_F Mean 28238.6 P50 27479.0 P95 29609.0 Count 20
video_3_1_1_0_F Mean 27384.3 P50 27746.0 P95 29634.0 Count 20
video_3_1_2_1_F Mean 26646.23 P50 26295.0 P95 30136.0 Count 30
video_3_1_1_1_F Mean 26419.4 P50 25895.0 P95 30333.0 Count 20
video_3_1_5_2_F Mean 27713.7 P50 27304.0 P95 30339.0 Count 10
video_3_1_4_2_F Mean 27687.5 P50 28125.0 P95 30384.0 Count 10
video_3_1_4_1_F Mean 26454.98 P50 25873.0 P95 30557.0 Count 50
video_3_1_0_2_F Mean 26910.6 P50 26938.0 P95 30569.0 Count 30
video_3_1_0_0_F Mean 28231.75 P50 27180.0 P95 30710.0 Count 20
video_3_1_3_0_F Mean 28178.1 P50 27823.0 P95 31919.0 Count 10
video_3_1_2_2_F Mean 27649.5 P50 27792.0 P95 32034.0 Count 10
video_3_1_6_1_F Mean 27216.54 P50 26928.0 P95 32647.0 Count 48
video_3_1_5_0_F Mean 29648.7 P50 28186.0 P95 34392.0 Count 10
video_3_1_5_1_F Mean 26938.67 P50 26036.0 P95 34567.0 Count 30
video_3_1_1_3_F Mean 28263.25 P50 27035.0 P95 35283.0 Count 20
video_3_1_4_0_F Mean 30674.7 P50 30891.0 P95 35875.0 Count 10
video_3_1_6_3_F Mean 28097.8 P50 27753.0 P95 35899.0 Count 20
video_3_1_3_2_F Mean 31652.3 P50 30780.0 P95 37826.0 Count 10
video_3_1_3_3_F Mean 29576.8 P50 27924.0 P95 39359.0 Count 10
video_3_1_5_3_F Mean 28625.75 P50 26661.0 P95 39812.0 Count 20
video_3_1_6_0_F Mean 37325.0 P50 37316.0 P95 43296.0 Count 10
