Sort by Mean:
video_3_1_3_1_F Mean 33945.3 P50 33768.0 P95 37460.0 Count 73
video_3_1_4_1_F Mean 34671.1 P50 34232.0 P95 38894.0 Count 50
video_3_1_1_1_F Mean 34757.85 P50 34195.0 P95 38584.0 Count 20
video_3_1_0_1_F Mean 34809.94 P50 34271.0 P95 37784.0 Count 50
video_3_1_2_1_F Mean 34886.6 P50 34532.0 P95 38289.0 Count 30
video_3_1_0_2_F Mean 35141.87 P50 35072.0 P95 38848.0 Count 30
video_3_1_5_1_F Mean 35204.33 P50 34452.0 P95 42872.0 Count 30
video_3_1_1_2_F Mean 35467.3 P50 35422.0 P95 37824.0 Count 20
video_3_1_6_2_F Mean 35517.0 P50 35453.0 P95 37734.0 Count 10
video_3_1_1_0_F Mean 35696.15 P50 36060.0 P95 37812.0 Count 20
video_3_1_4_2_F Mean 35763.6 P50 36191.0 P95 38450.0 Count 10
video_3_1_0_3_F Mean 35801.0 P50 34986.0 P95 42520.0 Count 20
video_3_1_6_1_F Mean 35815.27 P50 35507.0 P95 40988.0 Count 48
video_3_1_5_2_F Mean 36003.5 P50 35655.0 P95 38578.0 Count 10
video_3_1_2_2_F Mean 36022.3 P50 36094.0 P95 40347.0 Count 10
video_3_1_6_3_F Mean 36171.6 P50 35845.0 P95 43825.0 Count 20
video_3_1_2_3_F Mean 36179.0 P50 35174.0 P95 37721.0 Count 20
video_3_1_0_0_F Mean 36294.9 P50 35730.0 P95 39021.0 Count 20
video_3_1_1_3_F Mean 36438.2 P50 35048.0 P95 43179.0 Count 20
video_3_1_4_3_F Mean 36541.1 P50 35786.0 P95 37735.0 Count 20
video_3_1_5_3_F Mean 36815.15 P50 34925.0 P95 48016.0 Count 20
video_3_1_2_0_F Mean 37219.6 P50 36251.0 P95 43928.0 Count 10
video_3_1_3_0_F Mean 37252.9 P50 36468.0 P95 41729.0 Count 10
video_3_1_5_0_F Mean 37880.4 P50 36688.0 P95 42610.0 Count 10
video_3_1_3_3_F Mean 37893.1 P50 36241.0 P95 47798.0 Count 10
video_3_1_4_0_F Mean 39005.3 P50 39290.0 P95 44259.0 Count 10
video_3_1_3_2_F Mean 42144.1 P50 41990.0 P95 49641.0 Count 10
video_3_1_6_0_F Mean 45491.0 P50 45411.0 P95 51418.0 Count 10
Sort by P50:
video_3_1_3_1_F Mean 33945.3 P50 33768.0 P95 37460.0 Count 73
video_3_1_1_1_F Mean 34757.85 P50 34195.0 P95 38584.0 Count 20
video_3_1_4_1_F Mean 34671.1 P50 34232.0 P95 38894.0 Count 50
video_3_1_0_1_F Mean 34809.94 P50 34271.0 P95 37784.0 Count 50
video_3_1_5_1_F Mean 35204.33 P50 34452.0 P95 42872.0 Count 30
video_3_1_2_1_F Mean 34886.6 P50 34532.0 P95 38289.0 Count 30
video_3_1_5_3_F Mean 36815.15 P50 34925.0 P95 48016.0 Count 20
video_3_1_0_3_F Mean 35801.0 P50 34986.0 P95 42520.0 Count 20
video_3_1_1_3_F Mean 36438.2 P50 35048.0 P95 43179.0 Count 20
video_3_1_0_2_F Mean 35141.87 P50 35072.0 P95 38848.0 Count 30
video_3_1_2_3_F Mean 36179.0 P50 35174.0 P95 37721.0 Count 20
video_3_1_1_2_F Mean 35467.3 P50 35422.0 P95 37824.0 Count 20
video_3_1_6_2_F Mean 35517.0 P50 35453.0 P95 37734.0 Count 10
video_3_1_6_1_F Mean 35815.27 P50 35507.0 P95 40988.0 Count 48
video_3_1_5_2_F Mean 36003.5 P50 35655.0 P95 38578.0 Count 10
video_3_1_0_0_F Mean 36294.9 P50 35730.0 P95 39021.0 Count 20
video_3_1_4_3_F Mean 36541.1 P50 35786.0 P95 37735.0 Count 20
video_3_1_6_3_F Mean 36171.6 P50 35845.0 P95 43825.0 Count 20
video_3_1_1_0_F Mean 35696.15 P50 36060.0 P95 37812.0 Count 20
video_3_1_2_2_F Mean 36022.3 P50 36094.0 P95 40347.0 Count 10
video_3_1_4_2_F Mean 35763.6 P50 36191.0 P95 38450.0 Count 10
video_3_1_3_3_F Mean 37893.1 P50 36241.0 P95 47798.0 Count 10
video_3_1_2_0_F Mean 37219.6 P50 36251.0 P95 43928.0 Count 10
video_3_1_3_0_F Mean 37252.9 P50 36468.0 P95 41729.0 Count 10
video_3_1_5_0_F Mean 37880.4 P50 36688.0 P95 42610.0 Count 10
video_3_1_4_0_F Mean 39005.3 P50 39290.0 P95 44259.0 Count 10
video_3_1_3_2_F Mean 42144.1 P50 41990.0 P95 49641.0 Count 10
video_3_1_6_0_F Mean 45491.0 P50 45411.0 P95 51418.0 Count 10
Sort by P95:
video_3_1_3_1_F Mean 33945.3 P50 33768.0 P95 37460.0 Count 73
video_3_1_2_3_F Mean 36179.0 P50 35174.0 P95 37721.0 Count 20
video_3_1_6_2_F Mean 35517.0 P50 35453.0 P95 37734.0 Count 10
video_3_1_4_3_F Mean 36541.1 P50 35786.0 P95 37735.0 Count 20
video_3_1_0_1_F Mean 34809.94 P50 34271.0 P95 37784.0 Count 50
video_3_1_1_0_F Mean 35696.15 P50 36060.0 P95 37812.0 Count 20
video_3_1_1_2_F Mean 35467.3 P50 35422.0 P95 37824.0 Count 20
video_3_1_2_1_F Mean 34886.6 P50 34532.0 P95 38289.0 Count 30
video_3_1_4_2_F Mean 35763.6 P50 36191.0 P95 38450.0 Count 10
video_3_1_5_2_F Mean 36003.5 P50 35655.0 P95 38578.0 Count 10
video_3_1_1_1_F Mean 34757.85 P50 34195.0 P95 38584.0 Count 20
video_3_1_0_2_F Mean 35141.87 P50 35072.0 P95 38848.0 Count 30
video_3_1_4_1_F Mean 34671.1 P50 34232.0 P95 38894.0 Count 50
video_3_1_0_0_F Mean 36294.9 P50 35730.0 P95 39021.0 Count 20
video_3_1_2_2_F Mean 36022.3 P50 36094.0 P95 40347.0 Count 10
video_3_1_6_1_F Mean 35815.27 P50 35507.0 P95 40988.0 Count 48
video_3_1_3_0_F Mean 37252.9 P50 36468.0 P95 41729.0 Count 10
video_3_1_0_3_F Mean 35801.0 P50 34986.0 P95 42520.0 Count 20
video_3_1_5_0_F Mean 37880.4 P50 36688.0 P95 42610.0 Count 10
video_3_1_5_1_F Mean 35204.33 P50 34452.0 P95 42872.0 Count 30
video_3_1_1_3_F Mean 36438.2 P50 35048.0 P95 43179.0 Count 20
video_3_1_6_3_F Mean 36171.6 P50 35845.0 P95 43825.0 Count 20
video_3_1_2_0_F Mean 37219.6 P50 36251.0 P95 43928.0 Count 10
video_3_1_4_0_F Mean 39005.3 P50 39290.0 P95 44259.0 Count 10
video_3_1_3_3_F Mean 37893.1 P50 36241.0 P95 47798.0 Count 10
video_3_1_5_3_F Mean 36815.15 P50 34925.0 P95 48016.0 Count 20
video_3_1_3_2_F Mean 42144.1 P50 41990.0 P95 49641.0 Count 10
video_3_1_6_0_F Mean 45491.0 P50 45411.0 P95 51418.0 Count 10
