Sort by Mean:
video_3_1_1_2_T Mean 35772.85 P50 35541.0 P95 40187.0 Count 20
video_3_1_0_1_T Mean 35988.1 P50 35069.0 P95 44402.0 Count 21
video_3_1_3_2_T Mean 36043.15 P50 35874.0 P95 39179.0 Count 20
video_3_1_0_2_T Mean 36215.3 P50 35820.0 P95 39005.0 Count 20
video_3_1_2_1_T Mean 36329.47 P50 35102.0 P95 44881.0 Count 30
video_3_1_2_2_T Mean 36418.4 P50 36078.0 P95 39613.0 Count 20
video_3_1_1_1_T Mean 36627.1 P50 35163.0 P95 43626.0 Count 20
video_3_1_0_0_T Mean 37480.95 P50 36723.0 P95 43784.0 Count 20
video_3_1_3_3_T Mean 37580.0 P50 36156.0 P95 46910.0 Count 20
video_3_1_2_3_T Mean 38342.75 P50 35033.0 P95 47508.0 Count 20
video_3_1_0_3_T Mean 38870.05 P50 35771.0 P95 48574.0 Count 20
video_3_1_3_1_T Mean 38983.5 P50 37499.0 P95 47032.0 Count 20
video_3_1_1_3_T Mean 39659.25 P50 36085.0 P95 51611.0 Count 20
video_3_1_2_0_T Mean 40673.15 P50 38851.0 P95 50240.0 Count 20
video_3_1_3_0_T Mean 47420.65 P50 47686.0 P95 58226.0 Count 20
video_3_1_1_0_T Mean 48449.05 P50 39490.0 P95 117748.0 Count 20
Sort by P50:
video_3_1_2_3_T Mean 38342.75 P50 35033.0 P95 47508.0 Count 20
video_3_1_0_1_T Mean 35988.1 P50 35069.0 P95 44402.0 Count 21
video_3_1_2_1_T Mean 36329.47 P50 35102.0 P95 44881.0 Count 30
video_3_1_1_1_T Mean 36627.1 P50 35163.0 P95 43626.0 Count 20
video_3_1_1_2_T Mean 35772.85 P50 35541.0 P95 40187.0 Count 20
video_3_1_0_3_T Mean 38870.05 P50 35771.0 P95 48574.0 Count 20
video_3_1_0_2_T Mean 36215.3 P50 35820.0 P95 39005.0 Count 20
video_3_1_3_2_T Mean 36043.15 P50 35874.0 P95 39179.0 Count 20
video_3_1_2_2_T Mean 36418.4 P50 36078.0 P95 39613.0 Count 20
video_3_1_1_3_T Mean 39659.25 P50 36085.0 P95 51611.0 Count 20
video_3_1_3_3_T Mean 37580.0 P50 36156.0 P95 46910.0 Count 20
video_3_1_0_0_T Mean 37480.95 P50 36723.0 P95 43784.0 Count 20
video_3_1_3_1_T Mean 38983.5 P50 37499.0 P95 47032.0 Count 20
video_3_1_2_0_T Mean 40673.15 P50 38851.0 P95 50240.0 Count 20
video_3_1_1_0_T Mean 48449.05 P50 39490.0 P95 117748.0 Count 20
video_3_1_3_0_T Mean 47420.65 P50 47686.0 P95 58226.0 Count 20
Sort by P95:
video_3_1_0_2_T Mean 36215.3 P50 35820.0 P95 39005.0 Count 20
video_3_1_3_2_T Mean 36043.15 P50 35874.0 P95 39179.0 Count 20
video_3_1_2_2_T Mean 36418.4 P50 36078.0 P95 39613.0 Count 20
video_3_1_1_2_T Mean 35772.85 P50 35541.0 P95 40187.0 Count 20
video_3_1_1_1_T Mean 36627.1 P50 35163.0 P95 43626.0 Count 20
video_3_1_0_0_T Mean 37480.95 P50 36723.0 P95 43784.0 Count 20
video_3_1_0_1_T Mean 35988.1 P50 35069.0 P95 44402.0 Count 21
video_3_1_2_1_T Mean 36329.47 P50 35102.0 P95 44881.0 Count 30
video_3_1_3_3_T Mean 37580.0 P50 36156.0 P95 46910.0 Count 20
video_3_1_3_1_T Mean 38983.5 P50 37499.0 P95 47032.0 Count 20
video_3_1_2_3_T Mean 38342.75 P50 35033.0 P95 47508.0 Count 20
video_3_1_0_3_T Mean 38870.05 P50 35771.0 P95 48574.0 Count 20
video_3_1_2_0_T Mean 40673.15 P50 38851.0 P95 50240.0 Count 20
video_3_1_1_3_T Mean 39659.25 P50 36085.0 P95 51611.0 Count 20
video_3_1_3_0_T Mean 47420.65 P50 47686.0 P95 58226.0 Count 20
video_3_1_1_0_T Mean 48449.05 P50 39490.0 P95 117748.0 Count 20
