Sort by Mean:
video_3_1_2_3_F Mean 53682.1 P50 49472.0 P95 85749.0 Count 10
video_3_1_5_1_F Mean 55268.1 P50 48123.0 P95 76075.0 Count 10
video_3_1_1_- Mean 58259.43 P50 56308.0 P95 69753.0 Count 30
video_3_1_2_0_T Mean 58971.3 P50 60308.0 P95 65104.0 Count 10
video_3_1_1_0_T Mean 59707.7 P50 59209.0 P95 71891.0 Count 10
video_3_1_2_0_F Mean 59842.0 P50 60131.0 P95 66710.0 Count 25
video_3_1_4_1_F Mean 60513.2 P50 47840.0 P95 85559.0 Count 10
video_3_1_1_0_F Mean 60985.97 P50 60102.0 P95 69418.0 Count 30
video_3_1_2_1_F Mean 61172.1 P50 60838.0 P95 80985.0 Count 10
video_3_1_1_1_F Mean 61226.1 P50 58279.0 P95 71193.0 Count 20
video_3_1_1_2_F Mean 61295.8 P50 60928.0 P95 74822.0 Count 20
video_3_1_1_1_T Mean 61656.75 P50 57924.0 P95 71797.0 Count 4
video_3_1_2_- Mean 61835.7 P50 60788.0 P95 73875.0 Count 30
video_3_1_6_1_F Mean 62792.7 P50 64095.0 P95 77015.0 Count 10
video_3_1_2_2_F Mean 62957.27 P50 61889.0 P95 86062.0 Count 30
video_3_1_5_0_F Mean 64519.8 P50 63003.0 P95 76646.0 Count 10
video_3_1_3_- Mean 65027.07 P50 64547.0 P95 74751.0 Count 30
video_3_1_6_0_F Mean 65342.9 P50 63363.0 P95 81236.0 Count 10
video_3_1_0_- Mean 65958.9 P50 65463.0 P95 79041.0 Count 30
video_3_1_4_2_F Mean 66356.6 P50 66150.0 P95 75851.0 Count 10
video_3_1_4_0_F Mean 66482.3 P50 61574.0 P95 83523.0 Count 10
video_3_1_6_3_F Mean 67342.6 P50 67831.0 P95 80935.0 Count 10
video_3_1_5_2_F Mean 67495.45 P50 65946.0 P95 74164.0 Count 20
video_3_1_5_3_F Mean 69064.9 P50 65964.0 P95 82807.0 Count 10
video_3_1_6_2_F Mean 69191.8 P50 69354.0 P95 79859.0 Count 10
video_3_1_-_- Mean 69354.73 P50 68120.0 P95 83990.0 Count 11
video_3_1_4_3_F Mean 69656.3 P50 65862.0 P95 82753.0 Count 10
video_3_1_1_3_F Mean 69942.4 P50 54339.0 P95 124112.0 Count 10
video_3_2_-_- Mean 121152.67 P50 59434.0 P95 252137.0 Count 3
video_3_2_3_- Mean 182657.5 P50 163436.0 P95 315609.0 Count 30
video_3_2_0_- Mean 183626.2 P50 155702.0 P95 409231.0 Count 30
video_3_2_2_- Mean 189265.95 P50 171830.0 P95 306715.0 Count 38
video_3_2_1_- Mean 190517.97 P50 161253.0 P95 428396.0 Count 32
video_3_-_-_- Mean 212017.8 P50 206148.0 P95 259830.0 Count 5
Sort by P50:
video_3_1_4_1_F Mean 60513.2 P50 47840.0 P95 85559.0 Count 10
video_3_1_5_1_F Mean 55268.1 P50 48123.0 P95 76075.0 Count 10
video_3_1_2_3_F Mean 53682.1 P50 49472.0 P95 85749.0 Count 10
video_3_1_1_3_F Mean 69942.4 P50 54339.0 P95 124112.0 Count 10
video_3_1_1_- Mean 58259.43 P50 56308.0 P95 69753.0 Count 30
video_3_1_1_1_T Mean 61656.75 P50 57924.0 P95 71797.0 Count 4
video_3_1_1_1_F Mean 61226.1 P50 58279.0 P95 71193.0 Count 20
video_3_1_1_0_T Mean 59707.7 P50 59209.0 P95 71891.0 Count 10
video_3_2_-_- Mean 121152.67 P50 59434.0 P95 252137.0 Count 3
video_3_1_1_0_F Mean 60985.97 P50 60102.0 P95 69418.0 Count 30
video_3_1_2_0_F Mean 59842.0 P50 60131.0 P95 66710.0 Count 25
video_3_1_2_0_T Mean 58971.3 P50 60308.0 P95 65104.0 Count 10
video_3_1_2_- Mean 61835.7 P50 60788.0 P95 73875.0 Count 30
video_3_1_2_1_F Mean 61172.1 P50 60838.0 P95 80985.0 Count 10
video_3_1_1_2_F Mean 61295.8 P50 60928.0 P95 74822.0 Count 20
video_3_1_4_0_F Mean 66482.3 P50 61574.0 P95 83523.0 Count 10
video_3_1_2_2_F Mean 62957.27 P50 61889.0 P95 86062.0 Count 30
video_3_1_5_0_F Mean 64519.8 P50 63003.0 P95 76646.0 Count 10
video_3_1_6_0_F Mean 65342.9 P50 63363.0 P95 81236.0 Count 10
video_3_1_6_1_F Mean 62792.7 P50 64095.0 P95 77015.0 Count 10
video_3_1_3_- Mean 65027.07 P50 64547.0 P95 74751.0 Count 30
video_3_1_0_- Mean 65958.9 P50 65463.0 P95 79041.0 Count 30
video_3_1_4_3_F Mean 69656.3 P50 65862.0 P95 82753.0 Count 10
video_3_1_5_2_F Mean 67495.45 P50 65946.0 P95 74164.0 Count 20
video_3_1_5_3_F Mean 69064.9 P50 65964.0 P95 82807.0 Count 10
video_3_1_4_2_F Mean 66356.6 P50 66150.0 P95 75851.0 Count 10
video_3_1_6_3_F Mean 67342.6 P50 67831.0 P95 80935.0 Count 10
video_3_1_-_- Mean 69354.73 P50 68120.0 P95 83990.0 Count 11
video_3_1_6_2_F Mean 69191.8 P50 69354.0 P95 79859.0 Count 10
video_3_2_0_- Mean 183626.2 P50 155702.0 P95 409231.0 Count 30
video_3_2_1_- Mean 190517.97 P50 161253.0 P95 428396.0 Count 32
video_3_2_3_- Mean 182657.5 P50 163436.0 P95 315609.0 Count 30
video_3_2_2_- Mean 189265.95 P50 171830.0 P95 306715.0 Count 38
video_3_-_-_- Mean 212017.8 P50 206148.0 P95 259830.0 Count 5
Sort by P95:
video_3_1_2_0_T Mean 58971.3 P50 60308.0 P95 65104.0 Count 10
video_3_1_2_0_F Mean 59842.0 P50 60131.0 P95 66710.0 Count 25
video_3_1_1_0_F Mean 60985.97 P50 60102.0 P95 69418.0 Count 30
video_3_1_1_- Mean 58259.43 P50 56308.0 P95 69753.0 Count 30
video_3_1_1_1_F Mean 61226.1 P50 58279.0 P95 71193.0 Count 20
video_3_1_1_1_T Mean 61656.75 P50 57924.0 P95 71797.0 Count 4
video_3_1_1_0_T Mean 59707.7 P50 59209.0 P95 71891.0 Count 10
video_3_1_2_- Mean 61835.7 P50 60788.0 P95 73875.0 Count 30
video_3_1_5_2_F Mean 67495.45 P50 65946.0 P95 74164.0 Count 20
video_3_1_3_- Mean 65027.07 P50 64547.0 P95 74751.0 Count 30
video_3_1_1_2_F Mean 61295.8 P50 60928.0 P95 74822.0 Count 20
video_3_1_4_2_F Mean 66356.6 P50 66150.0 P95 75851.0 Count 10
video_3_1_5_1_F Mean 55268.1 P50 48123.0 P95 76075.0 Count 10
video_3_1_5_0_F Mean 64519.8 P50 63003.0 P95 76646.0 Count 10
video_3_1_6_1_F Mean 62792.7 P50 64095.0 P95 77015.0 Count 10
video_3_1_0_- Mean 65958.9 P50 65463.0 P95 79041.0 Count 30
video_3_1_6_2_F Mean 69191.8 P50 69354.0 P95 79859.0 Count 10
video_3_1_6_3_F Mean 67342.6 P50 67831.0 P95 80935.0 Count 10
video_3_1_2_1_F Mean 61172.1 P50 60838.0 P95 80985.0 Count 10
video_3_1_6_0_F Mean 65342.9 P50 63363.0 P95 81236.0 Count 10
video_3_1_4_3_F Mean 69656.3 P50 65862.0 P95 82753.0 Count 10
video_3_1_5_3_F Mean 69064.9 P50 65964.0 P95 82807.0 Count 10
video_3_1_4_0_F Mean 66482.3 P50 61574.0 P95 83523.0 Count 10
video_3_1_-_- Mean 69354.73 P50 68120.0 P95 83990.0 Count 11
video_3_1_4_1_F Mean 60513.2 P50 47840.0 P95 85559.0 Count 10
video_3_1_2_3_F Mean 53682.1 P50 49472.0 P95 85749.0 Count 10
video_3_1_2_2_F Mean 62957.27 P50 61889.0 P95 86062.0 Count 30
video_3_1_1_3_F Mean 69942.4 P50 54339.0 P95 124112.0 Count 10
video_3_2_-_- Mean 121152.67 P50 59434.0 P95 252137.0 Count 3
video_3_-_-_- Mean 212017.8 P50 206148.0 P95 259830.0 Count 5
video_3_2_2_- Mean 189265.95 P50 171830.0 P95 306715.0 Count 38
video_3_2_3_- Mean 182657.5 P50 163436.0 P95 315609.0 Count 30
video_3_2_0_- Mean 183626.2 P50 155702.0 P95 409231.0 Count 30
video_3_2_1_- Mean 190517.97 P50 161253.0 P95 428396.0 Count 32
