Sort by Mean:
video_3_1_3_1_F Mean 25192.0 P50 25193.0 P95 25193.0 Count 1
video_3_1_3_2_F Mean 25807.0 P50 25808.0 P95 25808.0 Count 1
video_3_1_2_0_F Mean 27339.0 P50 27340.0 P95 27340.0 Count 1
video_3_1_2_2_F Mean 27376.0 P50 27377.0 P95 27377.0 Count 1
video_3_1_0_1_F Mean 27810.0 P50 27811.0 P95 27811.0 Count 1
video_3_1_0_2_F Mean 28775.0 P50 28776.0 P95 28776.0 Count 1
video_3_1_1_2_F Mean 29319.0 P50 29320.0 P95 29320.0 Count 1
video_3_1_1_0_F Mean 29387.0 P50 29388.0 P95 29388.0 Count 1
video_3_1_1_1_F Mean 29760.0 P50 29761.0 P95 29761.0 Count 1
video_3_1_3_0_F Mean 29940.0 P50 29941.0 P95 29941.0 Count 1
video_3_1_0_0_F Mean 30033.4 P50 30200.0 P95 31432.0 Count 10
video_3_1_1_1_T Mean 30161.3 P50 28772.0 P95 35497.0 Count 10
video_3_1_2_1_F Mean 30897.0 P50 30898.0 P95 30898.0 Count 1
video_3_1_3_1_T Mean 31771.0 P50 31772.0 P95 31772.0 Count 1
video_3_1_3_0_T Mean 32090.0 P50 32091.0 P95 32091.0 Count 1
video_3_1_2_2_T Mean 32916.3 P50 32697.0 P95 39717.0 Count 10
video_3_1_0_1_T Mean 33018.8 P50 32570.0 P95 36896.0 Count 10
video_3_1_2_1_T Mean 33941.0 P50 33942.0 P95 33942.0 Count 1
video_3_1_2_0_T Mean 33993.7 P50 32957.0 P95 38013.0 Count 10
video_3_1_1_0_T Mean 34129.67 P50 33914.0 P95 37762.0 Count 3
video_3_1_1_2_T Mean 35115.9 P50 32765.0 P95 44264.0 Count 10
video_3_1_0_0_T Mean 36137.64 P50 35798.0 P95 42975.0 Count 11
video_3_1_3_2_T Mean 37610.0 P50 37611.0 P95 37611.0 Count 1
video_3_1_0_2_T Mean 40567.0 P50 40568.0 P95 40568.0 Count 1
Sort by P50:
video_3_1_3_1_F Mean 25192.0 P50 25193.0 P95 25193.0 Count 1
video_3_1_3_2_F Mean 25807.0 P50 25808.0 P95 25808.0 Count 1
video_3_1_2_0_F Mean 27339.0 P50 27340.0 P95 27340.0 Count 1
video_3_1_2_2_F Mean 27376.0 P50 27377.0 P95 27377.0 Count 1
video_3_1_0_1_F Mean 27810.0 P50 27811.0 P95 27811.0 Count 1
video_3_1_1_1_T Mean 30161.3 P50 28772.0 P95 35497.0 Count 10
video_3_1_0_2_F Mean 28775.0 P50 28776.0 P95 28776.0 Count 1
video_3_1_1_2_F Mean 29319.0 P50 29320.0 P95 29320.0 Count 1
video_3_1_1_0_F Mean 29387.0 P50 29388.0 P95 29388.0 Count 1
video_3_1_1_1_F Mean 29760.0 P50 29761.0 P95 29761.0 Count 1
video_3_1_3_0_F Mean 29940.0 P50 29941.0 P95 29941.0 Count 1
video_3_1_0_0_F Mean 30033.4 P50 30200.0 P95 31432.0 Count 10
video_3_1_2_1_F Mean 30897.0 P50 30898.0 P95 30898.0 Count 1
video_3_1_3_1_T Mean 31771.0 P50 31772.0 P95 31772.0 Count 1
video_3_1_3_0_T Mean 32090.0 P50 32091.0 P95 32091.0 Count 1
video_3_1_0_1_T Mean 33018.8 P50 32570.0 P95 36896.0 Count 10
video_3_1_2_2_T Mean 32916.3 P50 32697.0 P95 39717.0 Count 10
video_3_1_1_2_T Mean 35115.9 P50 32765.0 P95 44264.0 Count 10
video_3_1_2_0_T Mean 33993.7 P50 32957.0 P95 38013.0 Count 10
video_3_1_1_0_T Mean 34129.67 P50 33914.0 P95 37762.0 Count 3
video_3_1_2_1_T Mean 33941.0 P50 33942.0 P95 33942.0 Count 1
video_3_1_0_0_T Mean 36137.64 P50 35798.0 P95 42975.0 Count 11
video_3_1_3_2_T Mean 37610.0 P50 37611.0 P95 37611.0 Count 1
video_3_1_0_2_T Mean 40567.0 P50 40568.0 P95 40568.0 Count 1
Sort by P95:
video_3_1_3_1_F Mean 25192.0 P50 25193.0 P95 25193.0 Count 1
video_3_1_3_2_F Mean 25807.0 P50 25808.0 P95 25808.0 Count 1
video_3_1_2_0_F Mean 27339.0 P50 27340.0 P95 27340.0 Count 1
video_3_1_2_2_F Mean 27376.0 P50 27377.0 P95 27377.0 Count 1
video_3_1_0_1_F Mean 27810.0 P50 27811.0 P95 27811.0 Count 1
video_3_1_0_2_F Mean 28775.0 P50 28776.0 P95 28776.0 Count 1
video_3_1_1_2_F Mean 29319.0 P50 29320.0 P95 29320.0 Count 1
video_3_1_1_0_F Mean 29387.0 P50 29388.0 P95 29388.0 Count 1
video_3_1_1_1_F Mean 29760.0 P50 29761.0 P95 29761.0 Count 1
video_3_1_3_0_F Mean 29940.0 P50 29941.0 P95 29941.0 Count 1
video_3_1_2_1_F Mean 30897.0 P50 30898.0 P95 30898.0 Count 1
video_3_1_0_0_F Mean 30033.4 P50 30200.0 P95 31432.0 Count 10
video_3_1_3_1_T Mean 31771.0 P50 31772.0 P95 31772.0 Count 1
video_3_1_3_0_T Mean 32090.0 P50 32091.0 P95 32091.0 Count 1
video_3_1_2_1_T Mean 33941.0 P50 33942.0 P95 33942.0 Count 1
video_3_1_1_1_T Mean 30161.3 P50 28772.0 P95 35497.0 Count 10
video_3_1_0_1_T Mean 33018.8 P50 32570.0 P95 36896.0 Count 10
video_3_1_3_2_T Mean 37610.0 P50 37611.0 P95 37611.0 Count 1
video_3_1_1_0_T Mean 34129.67 P50 33914.0 P95 37762.0 Count 3
video_3_1_2_0_T Mean 33993.7 P50 32957.0 P95 38013.0 Count 10
video_3_1_2_2_T Mean 32916.3 P50 32697.0 P95 39717.0 Count 10
video_3_1_0_2_T Mean 40567.0 P50 40568.0 P95 40568.0 Count 1
video_3_1_0_0_T Mean 36137.64 P50 35798.0 P95 42975.0 Count 11
video_3_1_1_2_T Mean 35115.9 P50 32765.0 P95 44264.0 Count 10
