Sort by Mean:
video_3_1_0_2_T Mean 20427.05 P50 22755.0 P95 26430.0 Count 22
video_3_1_0_2_F Mean 21512.1 P50 22861.0 P95 29456.0 Count 20
video_3_1_0_1_T Mean 21532.38 P50 23627.0 P95 24962.0 Count 21
video_3_1_2_1_F Mean 22797.38 P50 22768.0 P95 24519.0 Count 29
video_3_1_2_2_T Mean 23046.17 P50 23171.0 P95 24792.0 Count 29
video_3_1_3_2_T Mean 23405.1 P50 23346.0 P95 25588.0 Count 10
video_3_1_3_0_T Mean 23635.4 P50 23266.0 P95 28102.0 Count 10
video_3_1_1_2_T Mean 23787.2 P50 22990.0 P95 26465.0 Count 20
video_3_1_2_1_T Mean 23901.15 P50 23973.0 P95 25800.0 Count 20
video_3_1_2_0_F Mean 23993.82 P50 23052.0 P95 27464.0 Count 17
video_3_1_1_2_F Mean 24093.15 P50 23507.0 P95 26609.0 Count 20
video_3_1_0_1_F Mean 24171.3 P50 23788.0 P95 25598.0 Count 23
video_3_1_1_0_F Mean 24269.5 P50 24081.0 P95 25981.0 Count 10
video_3_1_1_0_T Mean 24343.2 P50 23580.0 P95 25918.0 Count 10
video_3_1_2_0_T Mean 24412.8 P50 24155.0 P95 27091.0 Count 10
video_3_1_1_1_T Mean 24444.35 P50 23842.0 P95 33190.0 Count 20
video_3_1_1_1_F Mean 24509.3 P50 24512.0 P95 27074.0 Count 20
video_3_1_3_2_F Mean 24529.55 P50 24037.0 P95 26617.0 Count 20
video_3_1_3_1_T Mean 24539.8 P50 24223.0 P95 26627.0 Count 20
video_3_1_3_1_F Mean 24756.3 P50 24013.0 P95 34231.0 Count 10
video_3_1_0_0_T Mean 24788.1 P50 23811.0 P95 33158.0 Count 10
video_3_1_2_2_F Mean 24883.1 P50 23803.0 P95 35694.0 Count 10
video_3_1_3_0_F Mean 24891.8 P50 23789.0 P95 35467.0 Count 10
video_3_1_0_0_F Mean 27132.44 P50 24699.0 P95 35895.0 Count 16
Sort by P50:
video_3_1_0_2_T Mean 20427.05 P50 22755.0 P95 26430.0 Count 22
video_3_1_2_1_F Mean 22797.38 P50 22768.0 P95 24519.0 Count 29
video_3_1_0_2_F Mean 21512.1 P50 22861.0 P95 29456.0 Count 20
video_3_1_1_2_T Mean 23787.2 P50 22990.0 P95 26465.0 Count 20
video_3_1_2_0_F Mean 23993.82 P50 23052.0 P95 27464.0 Count 17
video_3_1_2_2_T Mean 23046.17 P50 23171.0 P95 24792.0 Count 29
video_3_1_3_0_T Mean 23635.4 P50 23266.0 P95 28102.0 Count 10
video_3_1_3_2_T Mean 23405.1 P50 23346.0 P95 25588.0 Count 10
video_3_1_1_2_F Mean 24093.15 P50 23507.0 P95 26609.0 Count 20
video_3_1_1_0_T Mean 24343.2 P50 23580.0 P95 25918.0 Count 10
video_3_1_0_1_T Mean 21532.38 P50 23627.0 P95 24962.0 Count 21
video_3_1_0_1_F Mean 24171.3 P50 23788.0 P95 25598.0 Count 23
video_3_1_3_0_F Mean 24891.8 P50 23789.0 P95 35467.0 Count 10
video_3_1_2_2_F Mean 24883.1 P50 23803.0 P95 35694.0 Count 10
video_3_1_0_0_T Mean 24788.1 P50 23811.0 P95 33158.0 Count 10
video_3_1_1_1_T Mean 24444.35 P50 23842.0 P95 33190.0 Count 20
video_3_1_2_1_T Mean 23901.15 P50 23973.0 P95 25800.0 Count 20
video_3_1_3_1_F Mean 24756.3 P50 24013.0 P95 34231.0 Count 10
video_3_1_3_2_F Mean 24529.55 P50 24037.0 P95 26617.0 Count 20
video_3_1_1_0_F Mean 24269.5 P50 24081.0 P95 25981.0 Count 10
video_3_1_2_0_T Mean 24412.8 P50 24155.0 P95 27091.0 Count 10
video_3_1_3_1_T Mean 24539.8 P50 24223.0 P95 26627.0 Count 20
video_3_1_1_1_F Mean 24509.3 P50 24512.0 P95 27074.0 Count 20
video_3_1_0_0_F Mean 27132.44 P50 24699.0 P95 35895.0 Count 16
Sort by P95:
video_3_1_2_1_F Mean 22797.38 P50 22768.0 P95 24519.0 Count 29
video_3_1_2_2_T Mean 23046.17 P50 23171.0 P95 24792.0 Count 29
video_3_1_0_1_T Mean 21532.38 P50 23627.0 P95 24962.0 Count 21
video_3_1_3_2_T Mean 23405.1 P50 23346.0 P95 25588.0 Count 10
video_3_1_0_1_F Mean 24171.3 P50 23788.0 P95 25598.0 Count 23
video_3_1_2_1_T Mean 23901.15 P50 23973.0 P95 25800.0 Count 20
video_3_1_1_0_T Mean 24343.2 P50 23580.0 P95 25918.0 Count 10
video_3_1_1_0_F Mean 24269.5 P50 24081.0 P95 25981.0 Count 10
video_3_1_0_2_T Mean 20427.05 P50 22755.0 P95 26430.0 Count 22
video_3_1_1_2_T Mean 23787.2 P50 22990.0 P95 26465.0 Count 20
video_3_1_1_2_F Mean 24093.15 P50 23507.0 P95 26609.0 Count 20
video_3_1_3_2_F Mean 24529.55 P50 24037.0 P95 26617.0 Count 20
video_3_1_3_1_T Mean 24539.8 P50 24223.0 P95 26627.0 Count 20
video_3_1_1_1_F Mean 24509.3 P50 24512.0 P95 27074.0 Count 20
video_3_1_2_0_T Mean 24412.8 P50 24155.0 P95 27091.0 Count 10
video_3_1_2_0_F Mean 23993.82 P50 23052.0 P95 27464.0 Count 17
video_3_1_3_0_T Mean 23635.4 P50 23266.0 P95 28102.0 Count 10
video_3_1_0_2_F Mean 21512.1 P50 22861.0 P95 29456.0 Count 20
video_3_1_0_0_T Mean 24788.1 P50 23811.0 P95 33158.0 Count 10
video_3_1_1_1_T Mean 24444.35 P50 23842.0 P95 33190.0 Count 20
video_3_1_3_1_F Mean 24756.3 P50 24013.0 P95 34231.0 Count 10
video_3_1_3_0_F Mean 24891.8 P50 23789.0 P95 35467.0 Count 10
video_3_1_2_2_F Mean 24883.1 P50 23803.0 P95 35694.0 Count 10
video_3_1_0_0_F Mean 27132.44 P50 24699.0 P95 35895.0 Count 16
