Sort by Mean:
video_3_1_3_2_F Mean 23261.4 P50 23505.0 P95 25877.0 Count 30
video_3_1_1_2_F Mean 23282.3 P50 22694.0 P95 25650.0 Count 40
video_3_1_2_2_T Mean 23288.37 P50 22777.0 P95 26092.0 Count 30
video_3_1_3_2_T Mean 23481.33 P50 22743.0 P95 25908.0 Count 40
video_3_1_0_2_T Mean 23586.7 P50 23586.0 P95 26138.0 Count 30
video_3_1_2_1_T Mean 23628.93 P50 23700.0 P95 25658.0 Count 30
video_3_1_0_2_F Mean 23699.28 P50 22930.0 P95 25934.0 Count 40
video_3_1_2_1_F Mean 23735.92 P50 23297.0 P95 25280.0 Count 40
video_3_1_0_1_T Mean 23864.93 P50 23625.0 P95 25939.0 Count 30
video_3_1_0_1_F Mean 23966.37 P50 23644.0 P95 26065.0 Count 30
video_3_1_3_1_T Mean 24110.27 P50 23993.0 P95 25627.0 Count 30
video_3_1_3_1_F Mean 24227.4 P50 23994.0 P95 26294.0 Count 30
video_3_1_1_2_T Mean 24320.9 P50 24180.0 P95 26722.0 Count 31
video_3_1_1_1_T Mean 24349.97 P50 23960.0 P95 26892.0 Count 30
video_3_1_1_1_F Mean 24355.27 P50 24032.0 P95 26513.0 Count 30
video_3_1_0_0_F Mean 24838.17 P50 24606.0 P95 26550.0 Count 30
video_3_1_2_2_F Mean 25013.53 P50 23782.0 P95 34595.0 Count 30
video_3_1_0_0_T Mean 25076.93 P50 24895.0 P95 27173.0 Count 30
video_3_1_1_0_F Mean 25161.37 P50 24683.0 P95 32082.0 Count 30
video_3_1_1_0_T Mean 25310.37 P50 24961.0 P95 26766.0 Count 30
video_3_1_2_0_T Mean 32540.9 P50 33211.0 P95 42011.0 Count 30
video_3_1_2_0_F Mean 33273.33 P50 33700.0 P95 35759.0 Count 21
video_3_1_3_0_T Mean 35166.45 P50 36058.0 P95 38608.0 Count 20
video_3_1_3_0_F Mean 35929.95 P50 36318.0 P95 41080.0 Count 20
Sort by P50:
video_3_1_1_2_F Mean 23282.3 P50 22694.0 P95 25650.0 Count 40
video_3_1_3_2_T Mean 23481.33 P50 22743.0 P95 25908.0 Count 40
video_3_1_2_2_T Mean 23288.37 P50 22777.0 P95 26092.0 Count 30
video_3_1_0_2_F Mean 23699.28 P50 22930.0 P95 25934.0 Count 40
video_3_1_2_1_F Mean 23735.92 P50 23297.0 P95 25280.0 Count 40
video_3_1_3_2_F Mean 23261.4 P50 23505.0 P95 25877.0 Count 30
video_3_1_0_2_T Mean 23586.7 P50 23586.0 P95 26138.0 Count 30
video_3_1_0_1_T Mean 23864.93 P50 23625.0 P95 25939.0 Count 30
video_3_1_0_1_F Mean 23966.37 P50 23644.0 P95 26065.0 Count 30
video_3_1_2_1_T Mean 23628.93 P50 23700.0 P95 25658.0 Count 30
video_3_1_2_2_F Mean 25013.53 P50 23782.0 P95 34595.0 Count 30
video_3_1_1_1_T Mean 24349.97 P50 23960.0 P95 26892.0 Count 30
video_3_1_3_1_T Mean 24110.27 P50 23993.0 P95 25627.0 Count 30
video_3_1_3_1_F Mean 24227.4 P50 23994.0 P95 26294.0 Count 30
video_3_1_1_1_F Mean 24355.27 P50 24032.0 P95 26513.0 Count 30
video_3_1_1_2_T Mean 24320.9 P50 24180.0 P95 26722.0 Count 31
video_3_1_0_0_F Mean 24838.17 P50 24606.0 P95 26550.0 Count 30
video_3_1_1_0_F Mean 25161.37 P50 24683.0 P95 32082.0 Count 30
video_3_1_0_0_T Mean 25076.93 P50 24895.0 P95 27173.0 Count 30
video_3_1_1_0_T Mean 25310.37 P50 24961.0 P95 26766.0 Count 30
video_3_1_2_0_T Mean 32540.9 P50 33211.0 P95 42011.0 Count 30
video_3_1_2_0_F Mean 33273.33 P50 33700.0 P95 35759.0 Count 21
video_3_1_3_0_T Mean 35166.45 P50 36058.0 P95 38608.0 Count 20
video_3_1_3_0_F Mean 35929.95 P50 36318.0 P95 41080.0 Count 20
Sort by P95:
video_3_1_2_1_F Mean 23735.92 P50 23297.0 P95 25280.0 Count 40
video_3_1_3_1_T Mean 24110.27 P50 23993.0 P95 25627.0 Count 30
video_3_1_1_2_F Mean 23282.3 P50 22694.0 P95 25650.0 Count 40
video_3_1_2_1_T Mean 23628.93 P50 23700.0 P95 25658.0 Count 30
video_3_1_3_2_F Mean 23261.4 P50 23505.0 P95 25877.0 Count 30
video_3_1_3_2_T Mean 23481.33 P50 22743.0 P95 25908.0 Count 40
video_3_1_0_2_F Mean 23699.28 P50 22930.0 P95 25934.0 Count 40
video_3_1_0_1_T Mean 23864.93 P50 23625.0 P95 25939.0 Count 30
video_3_1_0_1_F Mean 23966.37 P50 23644.0 P95 26065.0 Count 30
video_3_1_2_2_T Mean 23288.37 P50 22777.0 P95 26092.0 Count 30
video_3_1_0_2_T Mean 23586.7 P50 23586.0 P95 26138.0 Count 30
video_3_1_3_1_F Mean 24227.4 P50 23994.0 P95 26294.0 Count 30
video_3_1_1_1_F Mean 24355.27 P50 24032.0 P95 26513.0 Count 30
video_3_1_0_0_F Mean 24838.17 P50 24606.0 P95 26550.0 Count 30
video_3_1_1_2_T Mean 24320.9 P50 24180.0 P95 26722.0 Count 31
video_3_1_1_0_T Mean 25310.37 P50 24961.0 P95 26766.0 Count 30
video_3_1_1_1_T Mean 24349.97 P50 23960.0 P95 26892.0 Count 30
video_3_1_0_0_T Mean 25076.93 P50 24895.0 P95 27173.0 Count 30
video_3_1_1_0_F Mean 25161.37 P50 24683.0 P95 32082.0 Count 30
video_3_1_2_2_F Mean 25013.53 P50 23782.0 P95 34595.0 Count 30
video_3_1_2_0_F Mean 33273.33 P50 33700.0 P95 35759.0 Count 21
video_3_1_3_0_T Mean 35166.45 P50 36058.0 P95 38608.0 Count 20
video_3_1_3_0_F Mean 35929.95 P50 36318.0 P95 41080.0 Count 20
video_3_1_2_0_T Mean 32540.9 P50 33211.0 P95 42011.0 Count 30
